-2.4243e-01 1.1055e-01 7.7041e-03 1.2622e-03 -6.6430e-05 -2.9519e-04 -2.5504e-04 -1.9255e-04 -1.5903e-04 -1.5110e-04 2.3409e-03 -5.3010e-04 -1.3178e-03 -4.7074e-04 6.9858e-05 1.0392e-04 3.5700e-06 -8.3980e-05 -1.4546e-04 -1.9299e-04 4.8954e-04 -6.6300e-05 -8.9500e-04 -1.2801e-03 -8.8391e-04 -3.3660e-04 -4.6240e-05 4.0190e-05 4.0472e-05 1.8609e-05
-2.8050e-03 -3.2182e-02 1.5009e-02 5.3250e-04 -5.8300e-04 -6.1082e-04 -4.3952e-04 -2.9612e-04 -2.1583e-04 -1.8207e-04 2.1121e-03 -1.2310e-04 -1.2226e-03 -3.1200e-04 3.2491e-04 2.7439e-04 7.5860e-05 -6.9410e-05 -1.5789e-04 -2.1691e-04 3.9384e-04 -6.7180e-05 -8.5830e-04 -1.3400e-03 -9.5850e-04 -3.1454e-04 4.0190e-05 1.3684e-04 1.2444e-04 8.7211e-05
-2.0470e-03 -6.1960e-03 7.1150e-03 -1.6610e-03 -1.6494e-03 -1.1758e-03 -7.6301e-04 -4.7820e-04 -3.1640e-04 -2.3784e-04 1.1117e-03 -3.3830e-04 -2.2456e-03 -1.1807e-03 4.8427e-04 6.2855e-04 2.9083e-04 2.1100e-05 -1.3610e-04 -2.2956e-04 2.9182e-04 -2.4340e-05 -7.5560e-04 -1.5105e-03 -1.3514e-03 -5.4980e-04 1.2640e-05 2.0268e-04 2.1099e-04 1.7102e-04
-1.0214e-03 -2.0553e-03 -9.4410e-03 2.1494e-02 -7.7660e-03 -2.5258e-03 -1.3817e-03 -8.0752e-04 -4.9651e-04 -3.3965e-04 6.0707e-04 4.7330e-04 -1.6334e-03 -3.7564e-03 -8.9330e-04 9.0134e-04 7.0016e-04 2.4620e-04 -4.8590e-05 -2.1739e-04 2.2020e-04 9.0950e-05 -4.1138e-04 -1.3486e-03 -1.8148e-03 -1.1269e-03 -2.4525e-04 1.8181e-04 2.8389e-04 2.7230e-04
-5.2282e-04 -1.0046e-03 -2.3777e-03 -1.0700e-02 2.6858e-02 -1.0241e-02 -2.8281e-03 -1.4234e-03 -8.1659e-04 -5.2567e-04 2.5868e-04 6.7378e-04 7.1000e-04 -2.0795e-03 -4.6238e-03 -7.1330e-04 1.0070e-03 6.5179e-04 1.6044e-04 -1.4963e-04 1.5841e-04 1.6137e-04 -3.9270e-05 -7.2496e-04 -1.7065e-03 -1.7868e-03 -8.4400e-04 -4.2230e-05 2.9121e-04 3.8306e-04
-2.7994e-04 -5.2219e-04 -1.0649e-03 -2.4512e-03 -1.0280e-02 2.6844e-02 -1.0718e-02 -2.7777e-03 -1.3866e-03 -8.6686e-04 4.1094e-05 3.0391e-04 8.0611e-04 9.1610e-04 -2.1948e-03 -4.7932e-03 -7.0560e-04 8.6924e-04 5.0077e-04 2.3661e-05 1.0081e-04 1.4962e-04 1.2825e-04 -1.6294e-04 -9.5553e-04 -1.7726e-03 -1.4976e-03 -5.3130e-04 1.5604e-04 4.8053e-04
-1.5890e-04 -2.8291e-04 -5.3399e-04 -1.0453e-03 -2.2061e-03 -7.8820e-03 2.1413e-02 -9.5510e-03 -2.5038e-03 -1.5120e-03 -4.7872e-05 5.6426e-05 3.3433e-04 8.5162e-04 8.5900e-04 -2.2757e-03 -4.1800e-03 -6.9240e-04 5.8623e-04 3.2688e-04 5.4572e-05 1.0266e-04 1.3695e-04 6.3980e-05 -3.1937e-04 -1.0903e-03 -1.5339e-03 -9.7980e-04 -9.0800e-05 5.5112e-04
-9.7379e-05 -1.6235e-04 -2.8407e-04 -5.0767e-04 -8.8562e-04 -1.4505e-03 -1.9000e-03 6.8530e-03 -6.5840e-03 -2.7859e-03 -7.2120e-05 -4.1623e-05 7.0825e-05 3.5735e-04 7.9265e-04 4.1280e-04 -2.3478e-03 -2.7376e-03 -1.7710e-04 7.4079e-04 2.1910e-05 5.6311e-05 9.2163e-05 8.8020e-05 -6.8040e-05 -5.2724e-04 -1.0829e-03 -1.0079e-03 -2.3570e-04 6.2505e-04
-6.5239e-05 -1.0056e-04 -1.6059e-04 -2.5978e-04 -3.9020e-04 -4.0330e-04 5.0090e-04 1.4582e-02 -3.2850e-02 -4.1460e-03 -7.1619e-05 -6.7902e-05 -2.6963e-05 1.0325e-04 3.6041e-04 4.8043e-04 -6.0500e-04 -2.1140e-03 -5.2030e-04 1.5536e-03 3.7500e-07 2.1134e-05 4.3932e-05 4.6100e-05 -3.6420e-05 -3.1608e-04 -7.5387e-04 -8.5065e-04 -2.4340e-04 6.9693e-04
-4.7728e-05 -6.7713e-05 -9.6794e-05 -1.3513e-04 -1.5155e-04 3.2470e-05 1.1500e-03 7.1180e-03 1.1073e-01 -2.4509e-01 -6.3444e-05 -6.6427e-05 -4.9440e-05 1.6190e-05 1.4567e-04 1.7299e-04 -6.1233e-04 -2.0992e-03 -9.4700e-04 2.2628e-03 -1.3415e-05 -3.4595e-06 4.8250e-06 -6.8420e-06 -8.6870e-05 -3.2351e-04 -7.0871e-04 -8.4805e-04 -3.1210e-04 6.7983e-04
4.8954e-04 -6.6300e-05 -8.9500e-04 -1.2801e-03 -8.8391e-04 -3.3660e-04 -4.6240e-05 4.0190e-05 4.0472e-05 1.8609e-05 -2.4243e-01 1.1055e-01 7.7041e-03 1.2622e-03 -6.6430e-05 -2.9519e-04 -2.5504e-04 -1.9255e-04 -1.5903e-04 -1.5110e-04 2.3409e-03 -5.3010e-04 -1.3178e-03 -4.7074e-04 6.9858e-05 1.0392e-04 3.5700e-06 -8.3980e-05 -1.4546e-04 -1.9299e-04
3.9384e-04 -6.7180e-05 -8.5830e-04 -1.3400e-03 -9.5850e-04 -3.1454e-04 4.0190e-05 1.3684e-04 1.2444e-04 8.7211e-05 -2.8050e-03 -3.2182e-02 1.5009e-02 5.3250e-04 -5.8300e-04 -6.1082e-04 -4.3952e-04 -2.9612e-04 -2.1583e-04 -1.8207e-04 2.1121e-03 -1.2310e-04 -1.2226e-03 -3.1200e-04 3.2491e-04 2.7439e-04 7.5860e-05 -6.9410e-05 -1.5789e-04 -2.1691e-04
2.9182e-04 -2.4340e-05 -7.5560e-04 -1.5105e-03 -1.3514e-03 -5.4980e-04 1.2640e-05 2.0268e-04 2.1099e-04 1.7102e-04 -2.0470e-03 -6.1960e-03 7.1140e-03 -1.6610e-03 -1.6494e-03 -1.1758e-03 -7.6301e-04 -4.7820e-04 -3.1640e-04 -2.3784e-04 1.1117e-03 -3.3830e-04 -2.2456e-03 -1.1807e-03 4.8427e-04 6.2855e-04 2.9083e-04 2.1100e-05 -1.3610e-04 -2.2956e-04
2.2020e-04 9.0950e-05 -4.1138e-04 -1.3486e-03 -1.8148e-03 -1.1269e-03 -2.4525e-04 1.8181e-04 2.8389e-04 2.7230e-04 -1.0214e-03 -2.0553e-03 -9.4410e-03 2.1494e-02 -7.7660e-03 -2.5258e-03 -1.3817e-03 -8.0752e-04 -4.9651e-04 -3.3965e-04 6.0707e-04 4.7330e-04 -1.6334e-03 -3.7564e-03 -8.9330e-04 9.0134e-04 7.0016e-04 2.4620e-04 -4.8590e-05 -2.1739e-04
1.5841e-04 1.6137e-04 -3.9270e-05 -7.2496e-04 -1.7065e-03 -1.7868e-03 -8.4400e-04 -4.2230e-05 2.9121e-04 3.8306e-04 -5.2282e-04 -1.0046e-03 -2.3777e-03 -1.0700e-02 2.6858e-02 -1.0241e-02 -2.8281e-03 -1.4234e-03 -8.1659e-04 -5.2567e-04 2.5868e-04 6.7378e-04 7.1000e-04 -2.0795e-03 -4.6238e-03 -7.1330e-04 1.0070e-03 6.5179e-04 1.6044e-04 -1.4963e-04
1.0081e-04 1.4962e-04 1.2825e-04 -1.6294e-04 -9.5553e-04 -1.7726e-03 -1.4976e-03 -5.3130e-04 1.5604e-04 4.8053e-04 -2.7994e-04 -5.2219e-04 -1.0649e-03 -2.4512e-03 -1.0280e-02 2.6843e-02 -1.0718e-02 -2.7777e-03 -1.3866e-03 -8.6686e-04 4.1094e-05 3.0391e-04 8.0611e-04 9.1610e-04 -2.1948e-03 -4.7932e-03 -7.0560e-04 8.6924e-04 5.0077e-04 2.3661e-05
5.4572e-05 1.0266e-04 1.3695e-04 6.3980e-05 -3.1937e-04 -1.0903e-03 -1.5339e-03 -9.7980e-04 -9.0800e-05 5.5112e-04 -1.5890e-04 -2.8291e-04 -5.3399e-04 -1.0453e-03 -2.2061e-03 -7.8820e-03 2.1414e-02 -9.5510e-03 -2.5038e-03 -1.5120e-03 -4.7872e-05 5.6426e-05 3.3433e-04 8.5162e-04 8.5900e-04 -2.2757e-03 -4.1800e-03 -6.9240e-04 5.8623e-04 3.2688e-04
2.1910e-05 5.6311e-05 9.2163e-05 8.8020e-05 -6.8040e-05 -5.2724e-04 -1.0829e-03 -1.0079e-03 -2.3570e-04 6.2505e-04 -9.7379e-05 -1.6235e-04 -2.8407e-04 -5.0767e-04 -8.8562e-04 -1.4505e-03 -1.9000e-03 6.8530e-03 -6.5840e-03 -2.7859e-03 -7.2120e-05 -4.1623e-05 7.0825e-05 3.5735e-04 7.9265e-04 4.1280e-04 -2.3478e-03 -2.7376e-03 -1.7710e-04 7.4079e-04
3.7500e-07 2.1134e-05 4.3932e-05 4.6100e-05 -3.6420e-05 -3.1608e-04 -7.5387e-04 -8.5065e-04 -2.4340e-04 6.9693e-04 -6.5239e-05 -1.0056e-04 -1.6059e-04 -2.5978e-04 -3.9020e-04 -4.0330e-04 5.0090e-04 1.4582e-02 -3.2850e-02 -4.1460e-03 -7.1619e-05 -6.7902e-05 -2.6963e-05 1.0325e-04 3.6041e-04 4.8043e-04 -6.0500e-04 -2.1140e-03 -5.2030e-04 1.5536e-03
-1.3415e-05 -3.4595e-06 4.8250e-06 -6.8420e-06 -8.6870e-05 -3.2351e-04 -7.0871e-04 -8.4805e-04 -3.1210e-04 6.7983e-04 -4.7728e-05 -6.7713e-05 -9.6794e-05 -1.3513e-04 -1.5155e-04 3.2470e-05 1.1500e-03 7.1180e-03 1.1073e-01 -2.4509e-01 -6.3444e-05 -6.6427e-05 -4.9440e-05 1.6190e-05 1.4567e-04 1.7299e-04 -6.1233e-04 -2.0992e-03 -9.4700e-04 2.2628e-03
2.3409e-03 -5.3010e-04 -1.3178e-03 -4.7074e-04 6.9858e-05 1.0392e-04 3.5700e-06 -8.3980e-05 -1.4546e-04 -1.9299e-04 4.8954e-04 -6.6300e-05 -8.9500e-04 -1.2801e-03 -8.8391e-04 -3.3660e-04 -4.6240e-05 4.0190e-05 4.0472e-05 1.8609e-05 -2.4243e-01 1.1055e-01 7.7041e-03 1.2622e-03 -6.6430e-05 -2.9519e-04 -2.5504e-04 -1.9255e-04 -1.5903e-04 -1.5110e-04
2.1121e-03 -1.2310e-04 -1.2226e-03 -3.1200e-04 3.2491e-04 2.7439e-04 7.5860e-05 -6.9410e-05 -1.5789e-04 -2.1691e-04 3.9384e-04 -6.7180e-05 -8.5830e-04 -1.3400e-03 -9.5850e-04 -3.1454e-04 4.0190e-05 1.3684e-04 1.2444e-04 8.7211e-05 -2.8050e-03 -3.2182e-02 1.5009e-02 5.3250e-04 -5.8300e-04 -6.1082e-04 -4.3952e-04 -2.9612e-04 -2.1583e-04 -1.8207e-04
1.1117e-03 -3.3830e-04 -2.2456e-03 -1.1807e-03 4.8427e-04 6.2855e-04 2.9083e-04 2.1100e-05 -1.3610e-04 -2.2956e-04 2.9182e-04 -2.4340e-05 -7.5560e-04 -1.5105e-03 -1.3514e-03 -5.4980e-04 1.2640e-05 2.0268e-04 2.1099e-04 1.7102e-04 -2.0470e-03 -6.1960e-03 7.1150e-03 -1.6610e-03 -1.6494e-03 -1.1758e-03 -7.6301e-04 -4.7820e-04 -3.1640e-04 -2.3784e-04
6.0707e-04 4.7330e-04 -1.6334e-03 -3.7564e-03 -8.9330e-04 9.0134e-04 7.0016e-04 2.4620e-04 -4.8590e-05 -2.1739e-04 2.2020e-04 9.0950e-05 -4.1138e-04 -1.3486e-03 -1.8148e-03 -1.1269e-03 -2.4525e-04 1.8181e-04 2.8389e-04 2.7230e-04 -1.0214e-03 -2.0553e-03 -9.4410e-03 2.1495e-02 -7.7660e-03 -2.5258e-03 -1.3817e-03 -8.0752e-04 -4.9651e-04 -3.3965e-04
2.5868e-04 6.7378e-04 7.1000e-04 -2.0795e-03 -4.6238e-03 -7.1330e-04 1.0070e-03 6.5179e-04 1.6044e-04 -1.4963e-04 1.5841e-04 1.6137e-04 -3.9270e-05 -7.2496e-04 -1.7065e-03 -1.7868e-03 -8.4400e-04 -4.2230e-05 2.9121e-04 3.8306e-04 -5.2282e-04 -1.0046e-03 -2.3777e-03 -1.0700e-02 2.6858e-02 -1.0241e-02 -2.8281e-03 -1.4234e-03 -8.1659e-04 -5.2567e-04
4.1094e-05 3.0391e-04 8.0611e-04 9.1610e-04 -2.1948e-03 -4.7932e-03 -7.0560e-04 8.6924e-04 5.0077e-04 2.3661e-05 1.0081e-04 1.4962e-04 1.2825e-04 -1.6294e-04 -9.5553e-04 -1.7726e-03 -1.4976e-03 -5.3130e-04 1.5604e-04 4.8053e-04 -2.7994e-04 -5.2219e-04 -1.0649e-03 -2.4512e-03 -1.0280e-02 2.6845e-02 -1.0718e-02 -2.7777e-03 -1.3866e-03 -8.6686e-04
-4.7872e-05 5.6426e-05 3.3433e-04 8.5162e-04 8.5900e-04 -2.2757e-03 -4.1800e-03 -6.9240e-04 5.8623e-04 3.2688e-04 5.4572e-05 1.0266e-04 1.3695e-04 6.3980e-05 -3.1937e-04 -1.0903e-03 -1.5339e-03 -9.7980e-04 -9.0800e-05 5.5112e-04 -1.5890e-04 -2.8291e-04 -5.3399e-04 -1.0453e-03 -2.2061e-03 -7.8820e-03 2.1413e-02 -9.5510e-03 -2.5038e-03 -1.5120e-03
-7.2120e-05 -4.1623e-05 7.0825e-05 3.5735e-04 7.9265e-04 4.1280e-04 -2.3478e-03 -2.7376e-03 -1.7710e-04 7.4079e-04 2.1910e-05 5.6311e-05 9.2163e-05 8.8020e-05 -6.8040e-05 -5.2724e-04 -1.0829e-03 -1.0079e-03 -2.3570e-04 6.2505e-04 -9.7379e-05 -1.6235e-04 -2.8407e-04 -5.0767e-04 -8.8562e-04 -1.4505e-03 -1.9000e-03 6.8530e-03 -6.5840e-03 -2.7859e-03
-7.1619e-05 -6.7902e-05 -2.6963e-05 1.0325e-04 3.6041e-04 4.8043e-04 -6.0500e-04 -2.1140e-03 -5.2030e-04 1.5536e-03 3.7500e-07 2.1134e-05 4.3932e-05 4.6100e-05 -3.6420e-05 -3.1608e-04 -7.5387e-04 -8.5065e-04 -2.4340e-04 6.9693e-04 -6.5239e-05 -1.0056e-04 -1.6059e-04 -2.5978e-04 -3.9020e-04 -4.0330e-04 5.0090e-04 1.4582e-02 -3.2850e-02 -4.1460e-03
-6.3444e-05 -6.6427e-05 -4.9440e-05 1.6190e-05 1.4567e-04 1.7299e-04 -6.1233e-04 -2.0992e-03 -9.4700e-04 2.2628e-03 -1.3415e-05 -3.4595e-06 4.8250e-06 -6.8420e-06 -8.6870e-05 -3.2351e-04 -7.0871e-04 -8.4805e-04 -3.1210e-04 6.7983e-04 -4.7728e-05 -6.7713e-05 -9.6794e-05 -1.3513e-04 -1.5155e-04 3.2470e-05 1.1500e-03 7.1180e-03 1.1073e-01 -2.4509e-01
