-3.2087e-01 1.3722e-01 1.2996e-02 3.6840e-03 1.3736e-03 5.5334e-04 2.2858e-04 9.7000e-05 4.0618e-05 1.1333e-05 -5.5157e-04 -1.4412e-03 -1.6836e-03 -1.2215e-03 -5.8258e-04 -1.7603e-04 -8.5228e-06 3.4960e-05 3.0759e-05 1.1352e-05 -7.0974e-05 -2.7208e-04 -5.5867e-04 -7.8971e-04 -8.0665e-04 -6.3263e-04 -4.1175e-04 -2.3616e-04 -1.1757e-04 -3.5272e-05
2.2593e-02 -1.1035e-01 4.1890e-02 6.1273e-03 1.9780e-03 7.6678e-04 3.1484e-04 1.3367e-04 5.5808e-05 1.5502e-05 -5.8590e-04 -1.6262e-03 -2.0707e-03 -1.6116e-03 -8.0148e-04 -2.5405e-04 -2.4616e-05 3.7118e-05 3.5087e-05 1.3111e-05 -7.9034e-05 -2.8992e-04 -5.8689e-04 -8.4578e-04 -8.9103e-04 -7.1807e-04 -4.7611e-04 -2.7619e-04 -1.3842e-04 -4.1663e-05
2.3013e-03 1.9443e-02 -7.1059e-02 2.5495e-02 4.1673e-03 1.3847e-03 5.4416e-04 2.2788e-04 9.4305e-05 2.6016e-05 -5.0959e-04 -1.6100e-03 -2.5299e-03 -2.4166e-03 -1.3906e-03 -5.0624e-04 -9.8521e-05 2.4949e-05 3.7465e-05 1.4987e-05 -7.9312e-05 -2.8502e-04 -5.8598e-04 -8.9397e-04 -1.0122e-03 -8.6831e-04 -6.0074e-04 -3.5728e-04 -1.8148e-04 -5.4952e-05
5.1308e-04 2.4963e-03 1.6265e-02 -5.6823e-02 1.9674e-02 3.3712e-03 1.1318e-03 4.4947e-04 1.8182e-04 4.9629e-05 -2.8504e-04 -1.0547e-03 -2.2497e-03 -3.1379e-03 -2.5025e-03 -1.1703e-03 -3.5240e-04 -5.1225e-05 1.9147e-05 1.2140e-05 -6.4937e-05 -2.3585e-04 -5.0949e-04 -8.5306e-04 -1.0833e-03 -1.0327e-03 -7.7080e-04 -4.7965e-04 -2.4942e-04 -7.6265e-05
1.5788e-04 6.6257e-04 2.2942e-03 1.5033e-02 -5.1668e-02 1.7400e-02 3.0606e-03 1.0325e-03 3.9369e-04 1.0513e-04 -9.9394e-05 -4.1933e-04 -1.1833e-03 -2.5741e-03 -3.4248e-03 -2.4413e-03 -1.0451e-03 -3.1939e-04 -7.0755e-05 -8.7420e-06 -4.4263e-05 -1.6446e-04 -3.7709e-04 -7.0062e-04 -1.0216e-03 -1.1230e-03 -9.4025e-04 -6.3033e-04 -3.4124e-04 -1.0612e-04
5.8473e-05 2.3194e-04 6.7786e-04 2.3068e-03 1.5423e-02 -5.1936e-02 1.7040e-02 3.0468e-03 9.8483e-04 2.4931e-04 -2.1526e-05 -1.0769e-04 -3.8978e-04 -1.2116e-03 -2.7036e-03 -3.4021e-03 -2.2876e-03 -9.9623e-04 -3.4300e-04 -7.8789e-05 -2.7029e-05 -1.0268e-04 -2.4760e-04 -5.0214e-04 -8.3231e-04 -1.0652e-03 -1.0274e-03 -7.6419e-04 -4.3994e-04 -1.4058e-04
2.5298e-05 9.7798e-05 2.6745e-04 7.6623e-04 2.6204e-03 1.7711e-02 -5.7666e-02 1.8261e-02 3.1936e-03 6.9929e-04 1.0313e-06 -9.2351e-06 -8.3542e-05 -3.9123e-04 -1.2932e-03 -2.7041e-03 -3.0745e-03 -1.9868e-03 -8.8264e-04 -2.3439e-04 -1.6144e-05 -6.2477e-05 -1.5617e-04 -3.3622e-04 -6.1218e-04 -8.8951e-04 -9.8386e-04 -8.2123e-04 -5.1007e-04 -1.6893e-04
1.3001e-05 4.9573e-05 1.3135e-04 3.5178e-04 1.0118e-03 3.4286e-03 2.3485e-02 -7.2576e-02 2.1245e-02 2.7106e-03 6.0961e-06 1.5412e-05 5.6373e-06 -9.3566e-05 -4.9716e-04 -1.4875e-03 -2.5658e-03 -2.4549e-03 -1.4229e-03 -4.2882e-04 -1.0203e-05 -4.0102e-05 -1.0275e-04 -2.2930e-04 -4.4208e-04 -6.9956e-04 -8.5885e-04 -7.9182e-04 -5.2880e-04 -1.8166e-04
8.1737e-06 3.0927e-05 8.0594e-05 2.0927e-04 5.6374e-04 1.6059e-03 5.3948e-03 3.9649e-02 -1.1269e-01 2.3708e-02 6.7891e-06 2.0236e-05 2.8501e-05 -1.9170e-06 -1.9399e-04 -7.9183e-04 -1.7647e-03 -2.2086e-03 -1.5863e-03 -5.3400e-04 -7.2506e-06 -2.8851e-05 -7.5161e-05 -1.7110e-04 -3.3998e-04 -5.6427e-04 -7.3847e-04 -7.2794e-04 -5.1255e-04 -1.8111e-04
6.4412e-06 2.4283e-05 6.2802e-05 1.6097e-04 4.2311e-04 1.1396e-03 3.2708e-03 1.1941e-02 1.3540e-01 -3.2548e-01 6.7088e-06 2.0740e-05 3.3575e-05 2.3464e-05 -9.8409e-05 -5.3163e-04 -1.3490e-03 -1.9148e-03 -1.5338e-03 -5.4876e-04 -6.0429e-06 -2.4221e-05 -6.3658e-05 -1.4623e-04 -2.9426e-04 -4.9850e-04 -6.7158e-04 -6.8362e-04 -4.9438e-04 -1.7729e-04
-7.0974e-05 -2.7208e-04 -5.5867e-04 -7.8971e-04 -8.0665e-04 -6.3263e-04 -4.1175e-04 -2.3616e-04 -1.1757e-04 -3.5272e-05 -3.2087e-01 1.3722e-01 1.2996e-02 3.6840e-03 1.3736e-03 5.5334e-04 2.2858e-04 9.7000e-05 4.0618e-05 1.1333e-05 -5.5157e-04 -1.4412e-03 -1.6836e-03 -1.2215e-03 -5.8258e-04 -1.7603e-04 -8.5228e-06 3.4960e-05 3.0759e-05 1.1352e-05
-7.9034e-05 -2.8992e-04 -5.8689e-04 -8.4578e-04 -8.9103e-04 -7.1807e-04 -4.7611e-04 -2.7619e-04 -1.3842e-04 -4.1663e-05 2.2593e-02 -1.1035e-01 4.1890e-02 6.1273e-03 1.9780e-03 7.6678e-04 3.1484e-04 1.3367e-04 5.5808e-05 1.5502e-05 -5.8590e-04 -1.6262e-03 -2.0707e-03 -1.6116e-03 -8.0148e-04 -2.5405e-04 -2.4616e-05 3.7118e-05 3.5087e-05 1.3111e-05
-7.9312e-05 -2.8502e-04 -5.8598e-04 -8.9397e-04 -1.0122e-03 -8.6831e-04 -6.0074e-04 -3.5728e-04 -1.8148e-04 -5.4952e-05 2.3013e-03 1.9443e-02 -7.1059e-02 2.5495e-02 4.1673e-03 1.3847e-03 5.4416e-04 2.2788e-04 9.4305e-05 2.6016e-05 -5.0959e-04 -1.6100e-03 -2.5299e-03 -2.4166e-03 -1.3906e-03 -5.0624e-04 -9.8521e-05 2.4949e-05 3.7465e-05 1.4987e-05
-6.4937e-05 -2.3585e-04 -5.0949e-04 -8.5306e-04 -1.0833e-03 -1.0327e-03 -7.7080e-04 -4.7965e-04 -2.4942e-04 -7.6265e-05 5.1308e-04 2.4963e-03 1.6265e-02 -5.6823e-02 1.9674e-02 3.3712e-03 1.1318e-03 4.4947e-04 1.8182e-04 4.9629e-05 -2.8504e-04 -1.0547e-03 -2.2497e-03 -3.1379e-03 -2.5025e-03 -1.1703e-03 -3.5240e-04 -5.1225e-05 1.9147e-05 1.2140e-05
-4.4263e-05 -1.6446e-04 -3.7709e-04 -7.0062e-04 -1.0216e-03 -1.1230e-03 -9.4025e-04 -6.3033e-04 -3.4124e-04 -1.0612e-04 1.5788e-04 6.6257e-04 2.2942e-03 1.5033e-02 -5.1668e-02 1.7400e-02 3.0606e-03 1.0325e-03 3.9369e-04 1.0513e-04 -9.9394e-05 -4.1933e-04 -1.1833e-03 -2.5741e-03 -3.4248e-03 -2.4413e-03 -1.0451e-03 -3.1939e-04 -7.0755e-05 -8.7420e-06
-2.7029e-05 -1.0268e-04 -2.4760e-04 -5.0214e-04 -8.3231e-04 -1.0652e-03 -1.0274e-03 -7.6419e-04 -4.3994e-04 -1.4058e-04 5.8473e-05 2.3194e-04 6.7786e-04 2.3068e-03 1.5423e-02 -5.1937e-02 1.7040e-02 3.0468e-03 9.8483e-04 2.4931e-04 -2.1526e-05 -1.0769e-04 -3.8978e-04 -1.2116e-03 -2.7036e-03 -3.4021e-03 -2.2876e-03 -9.9623e-04 -3.4300e-04 -7.8789e-05
-1.6144e-05 -6.2477e-05 -1.5617e-04 -3.3622e-04 -6.1218e-04 -8.8951e-04 -9.8386e-04 -8.2123e-04 -5.1007e-04 -1.6893e-04 2.5298e-05 9.7798e-05 2.6745e-04 7.6623e-04 2.6204e-03 1.7711e-02 -5.7666e-02 1.8261e-02 3.1936e-03 6.9929e-04 1.0313e-06 -9.2351e-06 -8.3542e-05 -3.9123e-04 -1.2932e-03 -2.7041e-03 -3.0745e-03 -1.9868e-03 -8.8264e-04 -2.3439e-04
-1.0203e-05 -4.0102e-05 -1.0275e-04 -2.2930e-04 -4.4208e-04 -6.9956e-04 -8.5885e-04 -7.9182e-04 -5.2880e-04 -1.8166e-04 1.3001e-05 4.9573e-05 1.3135e-04 3.5178e-04 1.0118e-03 3.4286e-03 2.3485e-02 -7.2575e-02 2.1245e-02 2.7106e-03 6.0961e-06 1.5412e-05 5.6373e-06 -9.3566e-05 -4.9716e-04 -1.4875e-03 -2.5658e-03 -2.4549e-03 -1.4229e-03 -4.2882e-04
-7.2506e-06 -2.8851e-05 -7.5161e-05 -1.7110e-04 -3.3998e-04 -5.6427e-04 -7.3847e-04 -7.2794e-04 -5.1255e-04 -1.8111e-04 8.1737e-06 3.0927e-05 8.0594e-05 2.0927e-04 5.6374e-04 1.6059e-03 5.3948e-03 3.9649e-02 -1.1269e-01 2.3708e-02 6.7891e-06 2.0236e-05 2.8501e-05 -1.9170e-06 -1.9399e-04 -7.9183e-04 -1.7647e-03 -2.2086e-03 -1.5863e-03 -5.3400e-04
-6.0429e-06 -2.4221e-05 -6.3658e-05 -1.4623e-04 -2.9426e-04 -4.9850e-04 -6.7158e-04 -6.8362e-04 -4.9438e-04 -1.7729e-04 6.4412e-06 2.4283e-05 6.2802e-05 1.6097e-04 4.2311e-04 1.1396e-03 3.2708e-03 1.1941e-02 1.3540e-01 -3.2548e-01 6.7088e-06 2.0740e-05 3.3575e-05 2.3464e-05 -9.8409e-05 -5.3163e-04 -1.3490e-03 -1.9148e-03 -1.5338e-03 -5.4876e-04
-5.5157e-04 -1.4412e-03 -1.6836e-03 -1.2215e-03 -5.8258e-04 -1.7603e-04 -8.5228e-06 3.4960e-05 3.0759e-05 1.1352e-05 -7.0974e-05 -2.7208e-04 -5.5867e-04 -7.8971e-04 -8.0665e-04 -6.3263e-04 -4.1175e-04 -2.3616e-04 -1.1757e-04 -3.5272e-05 -3.2087e-01 1.3722e-01 1.2996e-02 3.6840e-03 1.3736e-03 5.5334e-04 2.2858e-04 9.7000e-05 4.0618e-05 1.1333e-05
-5.8590e-04 -1.6262e-03 -2.0707e-03 -1.6116e-03 -8.0148e-04 -2.5405e-04 -2.4616e-05 3.7118e-05 3.5087e-05 1.3111e-05 -7.9034e-05 -2.8992e-04 -5.8689e-04 -8.4578e-04 -8.9103e-04 -7.1807e-04 -4.7611e-04 -2.7619e-04 -1.3842e-04 -4.1663e-05 2.2593e-02 -1.1035e-01 4.1890e-02 6.1273e-03 1.9780e-03 7.6678e-04 3.1484e-04 1.3367e-04 5.5808e-05 1.5502e-05
-5.0959e-04 -1.6100e-03 -2.5299e-03 -2.4166e-03 -1.3906e-03 -5.0624e-04 -9.8521e-05 2.4949e-05 3.7465e-05 1.4987e-05 -7.9312e-05 -2.8502e-04 -5.8598e-04 -8.9397e-04 -1.0122e-03 -8.6831e-04 -6.0074e-04 -3.5728e-04 -1.8148e-04 -5.4952e-05 2.3013e-03 1.9443e-02 -7.1059e-02 2.5495e-02 4.1673e-03 1.3847e-03 5.4416e-04 2.2788e-04 9.4305e-05 2.6016e-05
-2.8504e-04 -1.0547e-03 -2.2497e-03 -3.1379e-03 -2.5025e-03 -1.1703e-03 -3.5240e-04 -5.1225e-05 1.9147e-05 1.2140e-05 -6.4937e-05 -2.3585e-04 -5.0949e-04 -8.5306e-04 -1.0833e-03 -1.0327e-03 -7.7080e-04 -4.7965e-04 -2.4942e-04 -7.6265e-05 5.1308e-04 2.4963e-03 1.6265e-02 -5.6822e-02 1.9674e-02 3.3712e-03 1.1318e-03 4.4947e-04 1.8182e-04 4.9629e-05
-9.9394e-05 -4.1933e-04 -1.1833e-03 -2.5741e-03 -3.4248e-03 -2.4413e-03 -1.0451e-03 -3.1939e-04 -7.0755e-05 -8.7420e-06 -4.4263e-05 -1.6446e-04 -3.7709e-04 -7.0062e-04 -1.0216e-03 -1.1230e-03 -9.4025e-04 -6.3033e-04 -3.4124e-04 -1.0612e-04 1.5788e-04 6.6257e-04 2.2942e-03 1.5033e-02 -5.1669e-02 1.7400e-02 3.0606e-03 1.0325e-03 3.9369e-04 1.0513e-04
-2.1526e-05 -1.0769e-04 -3.8978e-04 -1.2116e-03 -2.7036e-03 -3.4021e-03 -2.2876e-03 -9.9623e-04 -3.4300e-04 -7.8789e-05 -2.7029e-05 -1.0268e-04 -2.4760e-04 -5.0214e-04 -8.3231e-04 -1.0652e-03 -1.0274e-03 -7.6419e-04 -4.3994e-04 -1.4058e-04 5.8473e-05 2.3194e-04 6.7786e-04 2.3068e-03 1.5423e-02 -5.1935e-02 1.7040e-02 3.0468e-03 9.8483e-04 2.4931e-04
1.0313e-06 -9.2351e-06 -8.3542e-05 -3.9123e-04 -1.2932e-03 -2.7041e-03 -3.0745e-03 -1.9868e-03 -8.8264e-04 -2.3439e-04 -1.6144e-05 -6.2477e-05 -1.5617e-04 -3.3622e-04 -6.1218e-04 -8.8951e-04 -9.8386e-04 -8.2123e-04 -5.1007e-04 -1.6893e-04 2.5298e-05 9.7798e-05 2.6745e-04 7.6623e-04 2.6204e-03 1.7711e-02 -5.7666e-02 1.8261e-02 3.1936e-03 6.9929e-04
6.0961e-06 1.5412e-05 5.6373e-06 -9.3566e-05 -4.9716e-04 -1.4875e-03 -2.5658e-03 -2.4549e-03 -1.4229e-03 -4.2882e-04 -1.0203e-05 -4.0102e-05 -1.0275e-04 -2.2930e-04 -4.4208e-04 -6.9956e-04 -8.5885e-04 -7.9182e-04 -5.2880e-04 -1.8166e-04 1.3001e-05 4.9573e-05 1.3135e-04 3.5178e-04 1.0118e-03 3.4286e-03 2.3485e-02 -7.2575e-02 2.1245e-02 2.7106e-03
6.7891e-06 2.0236e-05 2.8501e-05 -1.9170e-06 -1.9399e-04 -7.9183e-04 -1.7647e-03 -2.2086e-03 -1.5863e-03 -5.3400e-04 -7.2506e-06 -2.8851e-05 -7.5161e-05 -1.7110e-04 -3.3998e-04 -5.6427e-04 -7.3847e-04 -7.2794e-04 -5.1255e-04 -1.8111e-04 8.1737e-06 3.0927e-05 8.0594e-05 2.0927e-04 5.6374e-04 1.6059e-03 5.3948e-03 3.9649e-02 -1.1269e-01 2.3708e-02
6.7088e-06 2.0740e-05 3.3575e-05 2.3464e-05 -9.8409e-05 -5.3163e-04 -1.3490e-03 -1.9148e-03 -1.5338e-03 -5.4876e-04 -6.0429e-06 -2.4221e-05 -6.3658e-05 -1.4623e-04 -2.9426e-04 -4.9850e-04 -6.7158e-04 -6.8362e-04 -4.9438e-04 -1.7729e-04 6.4412e-06 2.4283e-05 6.2802e-05 1.6097e-04 4.2311e-04 1.1396e-03 3.2708e-03 1.1941e-02 1.3540e-01 -3.2548e-01
