-3.2152e-01 1.3595e-01 1.1926e-02 2.5076e-03 4.4110e-04 3.5561e-05 5.6311e-06 2.1354e-05 2.2882e-05 9.4450e-06 -1.8423e-03 -4.0632e-03 -2.7811e-03 -5.9642e-04 2.1632e-04 2.8398e-04 2.1320e-04 1.4516e-04 8.5947e-05 2.8687e-05 -5.2321e-04 -1.8225e-03 -3.1761e-03 -3.2012e-03 -1.9403e-03 -8.7190e-04 -3.5496e-04 -1.3897e-04 -4.9583e-05 -1.1753e-05
2.2084e-02 -1.1200e-01 4.0503e-02 4.8374e-03 8.8634e-04 1.2501e-04 2.2436e-05 2.4363e-05 2.3385e-05 9.5085e-06 -2.0817e-03 -5.3811e-03 -4.4710e-03 -1.2077e-03 1.8832e-04 3.4472e-04 2.5756e-04 1.7006e-04 9.8244e-05 3.2390e-05 -4.4755e-04 -1.6481e-03 -3.2036e-03 -3.6525e-03 -2.3949e-03 -1.1007e-03 -4.4901e-04 -1.7868e-04 -6.6572e-05 -1.6578e-05
2.0335e-03 1.8459e-02 -7.3239e-02 2.3913e-02 2.7864e-03 4.7567e-04 9.0454e-05 3.7936e-05 2.6250e-05 1.0017e-05 -1.4409e-03 -5.5395e-03 -8.3630e-03 -3.9491e-03 -2.6681e-04 4.1938e-04 3.4786e-04 2.2341e-04 1.2459e-04 4.0284e-05 -2.9201e-04 -1.1771e-03 -2.7932e-03 -4.1704e-03 -3.3844e-03 -1.6914e-03 -6.9429e-04 -2.7774e-04 -1.0713e-04 -2.7828e-05
3.5694e-04 1.9476e-03 1.5054e-02 -5.9235e-02 1.7950e-02 2.0580e-03 3.8388e-04 1.0050e-04 4.1201e-05 1.3015e-05 -2.9116e-04 -1.7636e-03 -7.0149e-03 -1.0586e-02 -3.3855e-03 1.3327e-04 4.5889e-04 3.1373e-04 1.7094e-04 5.4184e-05 -1.3674e-04 -5.9677e-04 -1.7345e-03 -3.7307e-03 -4.5429e-03 -2.9016e-03 -1.2675e-03 -5.0409e-04 -1.9485e-04 -5.1320e-05
7.7259e-05 3.6519e-04 1.5969e-03 1.3656e-02 -5.4115e-02 1.5687e-02 1.8863e-03 4.0709e-04 1.1713e-04 2.8831e-05 1.5293e-05 -5.3614e-05 -1.0931e-03 -7.1918e-03 -1.1992e-02 -3.1701e-03 2.0175e-04 4.1100e-04 2.4320e-04 7.7205e-05 -5.0682e-05 -2.3157e-04 -7.5511e-04 -2.1597e-03 -4.3032e-03 -4.4443e-03 -2.4800e-03 -1.0393e-03 -3.9941e-04 -1.0465e-04
2.1570e-05 9.1203e-05 3.1972e-04 1.5003e-03 1.3940e-02 -5.4262e-02 1.5487e-02 2.0578e-03 4.9646e-04 1.0727e-04 3.0866e-05 1.0507e-04 1.5208e-04 -6.4310e-04 -7.0315e-03 -1.2441e-02 -3.3605e-03 6.7975e-06 2.6409e-04 9.9402e-05 -1.7339e-05 -8.2523e-05 -2.8149e-04 -9.0088e-04 -2.4932e-03 -4.4366e-03 -4.0148e-03 -2.1243e-03 -8.6876e-04 -2.2951e-04
9.0194e-06 3.4361e-05 9.7229e-05 3.4207e-04 1.7046e-03 1.6202e-02 -5.9731e-02 1.7006e-02 2.4843e-03 4.7884e-04 2.0447e-05 7.5100e-05 1.7352e-04 2.7676e-04 -5.4224e-04 -7.0374e-03 -1.1760e-02 -3.7893e-03 -4.6522e-04 -5.7600e-06 -5.7661e-06 -3.0300e-05 -1.0952e-04 -3.5869e-04 -1.1038e-03 -2.7429e-03 -4.1062e-03 -3.2857e-03 -1.6458e-03 -4.6422e-04
5.5738e-06 1.9980e-05 4.8014e-05 1.2834e-04 4.7376e-04 2.3937e-03 2.2055e-02 -7.4247e-02 2.0416e-02 2.4391e-03 1.4057e-05 5.1416e-05 1.2198e-04 2.5386e-04 3.4615e-04 -9.0253e-04 -7.2908e-03 -9.8034e-03 -3.7960e-03 -7.2918e-04 -1.5571e-06 -1.1372e-05 -4.8299e-05 -1.6407e-04 -5.0996e-04 -1.4155e-03 -2.8477e-03 -3.3293e-03 -2.2055e-03 -7.0410e-04
4.4170e-06 1.5475e-05 3.4387e-05 7.6606e-05 2.2001e-04 8.7894e-04 4.2671e-03 3.8426e-02 -1.1384e-01 2.3395e-02 1.1053e-05 3.9976e-05 9.3397e-05 1.9773e-04 3.5777e-04 2.3820e-04 -2.1073e-03 -7.3686e-03 -6.5630e-03 -1.9418e-03 9.1292e-08 -3.9758e-06 -2.4952e-05 -9.2683e-05 -2.8994e-04 -8.1873e-04 -1.8419e-03 -2.6584e-03 -2.1720e-03 -7.7883e-04
4.0237e-06 1.4006e-05 3.0302e-05 6.2579e-05 1.5686e-04 5.5048e-04 2.3030e-03 1.0848e-02 1.3449e-01 -3.2592e-01 9.8702e-06 3.5469e-05 8.1913e-05 1.7204e-04 3.2385e-04 3.8753e-04 -7.2517e-04 -4.5799e-03 -6.0795e-03 -2.3168e-03 6.8976e-07 -1.2885e-06 -1.6594e-05 -6.7966e-05 -2.1579e-04 -6.0914e-04 -1.4125e-03 -2.2061e-03 -1.9822e-03 -7.5492e-04
-5.2321e-04 -1.8225e-03 -3.1761e-03 -3.2012e-03 -1.9403e-03 -8.7190e-04 -3.5496e-04 -1.3897e-04 -4.9583e-05 -1.1753e-05 -3.2152e-01 1.3595e-01 1.1926e-02 2.5076e-03 4.4110e-04 3.5561e-05 5.6311e-06 2.1354e-05 2.2882e-05 9.4450e-06 -1.8423e-03 -4.0632e-03 -2.7811e-03 -5.9642e-04 2.1632e-04 2.8398e-04 2.1320e-04 1.4516e-04 8.5947e-05 2.8687e-05
-4.4755e-04 -1.6481e-03 -3.2036e-03 -3.6525e-03 -2.3949e-03 -1.1007e-03 -4.4901e-04 -1.7868e-04 -6.6572e-05 -1.6578e-05 2.2084e-02 -1.1200e-01 4.0503e-02 4.8374e-03 8.8634e-04 1.2501e-04 2.2436e-05 2.4363e-05 2.3385e-05 9.5085e-06 -2.0817e-03 -5.3811e-03 -4.4710e-03 -1.2077e-03 1.8832e-04 3.4472e-04 2.5756e-04 1.7006e-04 9.8244e-05 3.2390e-05
-2.9201e-04 -1.1771e-03 -2.7932e-03 -4.1704e-03 -3.3844e-03 -1.6914e-03 -6.9429e-04 -2.7774e-04 -1.0713e-04 -2.7828e-05 2.0335e-03 1.8459e-02 -7.3240e-02 2.3913e-02 2.7864e-03 4.7567e-04 9.0454e-05 3.7936e-05 2.6250e-05 1.0017e-05 -1.4409e-03 -5.5395e-03 -8.3630e-03 -3.9491e-03 -2.6681e-04 4.1938e-04 3.4786e-04 2.2341e-04 1.2459e-04 4.0284e-05
-1.3674e-04 -5.9677e-04 -1.7345e-03 -3.7307e-03 -4.5429e-03 -2.9016e-03 -1.2675e-03 -5.0409e-04 -1.9485e-04 -5.1320e-05 3.5694e-04 1.9476e-03 1.5054e-02 -5.9235e-02 1.7950e-02 2.0580e-03 3.8388e-04 1.0050e-04 4.1201e-05 1.3015e-05 -2.9116e-04 -1.7636e-03 -7.0149e-03 -1.0586e-02 -3.3855e-03 1.3327e-04 4.5889e-04 3.1373e-04 1.7094e-04 5.4184e-05
-5.0682e-05 -2.3157e-04 -7.5511e-04 -2.1597e-03 -4.3032e-03 -4.4443e-03 -2.4800e-03 -1.0393e-03 -3.9941e-04 -1.0465e-04 7.7259e-05 3.6519e-04 1.5969e-03 1.3656e-02 -5.4115e-02 1.5687e-02 1.8863e-03 4.0709e-04 1.1713e-04 2.8831e-05 1.5293e-05 -5.3614e-05 -1.0931e-03 -7.1918e-03 -1.1992e-02 -3.1701e-03 2.0175e-04 4.1100e-04 2.4320e-04 7.7205e-05
-1.7339e-05 -8.2523e-05 -2.8149e-04 -9.0088e-04 -2.4932e-03 -4.4366e-03 -4.0148e-03 -2.1243e-03 -8.6876e-04 -2.2951e-04 2.1570e-05 9.1203e-05 3.1972e-04 1.5003e-03 1.3940e-02 -5.4263e-02 1.5487e-02 2.0578e-03 4.9646e-04 1.0727e-04 3.0866e-05 1.0507e-04 1.5208e-04 -6.4310e-04 -7.0315e-03 -1.2441e-02 -3.3605e-03 6.7975e-06 2.6409e-04 9.9402e-05
-5.7661e-06 -3.0300e-05 -1.0952e-04 -3.5869e-04 -1.1038e-03 -2.7429e-03 -4.1062e-03 -3.2857e-03 -1.6458e-03 -4.6422e-04 9.0194e-06 3.4361e-05 9.7229e-05 3.4207e-04 1.7046e-03 1.6202e-02 -5.9730e-02 1.7006e-02 2.4843e-03 4.7884e-04 2.0447e-05 7.5100e-05 1.7352e-04 2.7676e-04 -5.4224e-04 -7.0374e-03 -1.1760e-02 -3.7893e-03 -4.6522e-04 -5.7600e-06
-1.5571e-06 -1.1372e-05 -4.8299e-05 -1.6407e-04 -5.0996e-04 -1.4155e-03 -2.8477e-03 -3.3293e-03 -2.2055e-03 -7.0410e-04 5.5738e-06 1.9980e-05 4.8014e-05 1.2834e-04 4.7376e-04 2.3937e-03 2.2055e-02 -7.4246e-02 2.0416e-02 2.4391e-03 1.4057e-05 5.1416e-05 1.2198e-04 2.5386e-04 3.4615e-04 -9.0253e-04 -7.2908e-03 -9.8034e-03 -3.7960e-03 -7.2918e-04
9.1292e-08 -3.9758e-06 -2.4952e-05 -9.2683e-05 -2.8994e-04 -8.1873e-04 -1.8419e-03 -2.6584e-03 -2.1720e-03 -7.7883e-04 4.4170e-06 1.5475e-05 3.4387e-05 7.6606e-05 2.2001e-04 8.7894e-04 4.2671e-03 3.8426e-02 -1.1384e-01 2.3395e-02 1.1053e-05 3.9976e-05 9.3397e-05 1.9773e-04 3.5777e-04 2.3820e-04 -2.1073e-03 -7.3686e-03 -6.5630e-03 -1.9418e-03
6.8976e-07 -1.2885e-06 -1.6594e-05 -6.7966e-05 -2.1579e-04 -6.0914e-04 -1.4125e-03 -2.2061e-03 -1.9822e-03 -7.5492e-04 4.0237e-06 1.4006e-05 3.0302e-05 6.2579e-05 1.5686e-04 5.5048e-04 2.3030e-03 1.0848e-02 1.3449e-01 -3.2592e-01 9.8702e-06 3.5469e-05 8.1913e-05 1.7204e-04 3.2385e-04 3.8753e-04 -7.2517e-04 -4.5799e-03 -6.0795e-03 -2.3168e-03
-1.8423e-03 -4.0632e-03 -2.7811e-03 -5.9642e-04 2.1632e-04 2.8398e-04 2.1320e-04 1.4516e-04 8.5947e-05 2.8687e-05 -5.2321e-04 -1.8225e-03 -3.1761e-03 -3.2012e-03 -1.9403e-03 -8.7190e-04 -3.5496e-04 -1.3897e-04 -4.9583e-05 -1.1753e-05 -3.2152e-01 1.3595e-01 1.1926e-02 2.5076e-03 4.4110e-04 3.5561e-05 5.6311e-06 2.1354e-05 2.2882e-05 9.4450e-06
-2.0817e-03 -5.3811e-03 -4.4710e-03 -1.2077e-03 1.8832e-04 3.4472e-04 2.5756e-04 1.7006e-04 9.8244e-05 3.2390e-05 -4.4755e-04 -1.6481e-03 -3.2036e-03 -3.6525e-03 -2.3949e-03 -1.1007e-03 -4.4901e-04 -1.7868e-04 -6.6572e-05 -1.6578e-05 2.2084e-02 -1.1200e-01 4.0503e-02 4.8374e-03 8.8634e-04 1.2501e-04 2.2436e-05 2.4363e-05 2.3385e-05 9.5085e-06
-1.4409e-03 -5.5395e-03 -8.3630e-03 -3.9491e-03 -2.6681e-04 4.1938e-04 3.4786e-04 2.2341e-04 1.2459e-04 4.0284e-05 -2.9201e-04 -1.1771e-03 -2.7932e-03 -4.1704e-03 -3.3844e-03 -1.6914e-03 -6.9429e-04 -2.7774e-04 -1.0713e-04 -2.7828e-05 2.0335e-03 1.8459e-02 -7.3239e-02 2.3913e-02 2.7864e-03 4.7567e-04 9.0454e-05 3.7936e-05 2.6250e-05 1.0017e-05
-2.9116e-04 -1.7636e-03 -7.0149e-03 -1.0586e-02 -3.3855e-03 1.3327e-04 4.5889e-04 3.1373e-04 1.7094e-04 5.4184e-05 -1.3674e-04 -5.9677e-04 -1.7345e-03 -3.7307e-03 -4.5429e-03 -2.9016e-03 -1.2675e-03 -5.0409e-04 -1.9485e-04 -5.1320e-05 3.5694e-04 1.9476e-03 1.5054e-02 -5.9234e-02 1.7950e-02 2.0580e-03 3.8388e-04 1.0050e-04 4.1201e-05 1.3015e-05
1.5293e-05 -5.3614e-05 -1.0931e-03 -7.1918e-03 -1.1992e-02 -3.1701e-03 2.0175e-04 4.1100e-04 2.4320e-04 7.7205e-05 -5.0682e-05 -2.3157e-04 -7.5511e-04 -2.1597e-03 -4.3032e-03 -4.4443e-03 -2.4800e-03 -1.0393e-03 -3.9941e-04 -1.0465e-04 7.7259e-05 3.6519e-04 1.5969e-03 1.3656e-02 -5.4115e-02 1.5687e-02 1.8863e-03 4.0709e-04 1.1713e-04 2.8831e-05
3.0866e-05 1.0507e-04 1.5208e-04 -6.4310e-04 -7.0315e-03 -1.2441e-02 -3.3605e-03 6.7975e-06 2.6409e-04 9.9402e-05 -1.7339e-05 -8.2523e-05 -2.8149e-04 -9.0088e-04 -2.4932e-03 -4.4366e-03 -4.0148e-03 -2.1243e-03 -8.6876e-04 -2.2951e-04 2.1570e-05 9.1203e-05 3.1972e-04 1.5003e-03 1.3940e-02 -5.4261e-02 1.5487e-02 2.0578e-03 4.9646e-04 1.0727e-04
2.0447e-05 7.5100e-05 1.7352e-04 2.7676e-04 -5.4224e-04 -7.0374e-03 -1.1760e-02 -3.7893e-03 -4.6522e-04 -5.7600e-06 -5.7661e-06 -3.0300e-05 -1.0952e-04 -3.5869e-04 -1.1038e-03 -2.7429e-03 -4.1062e-03 -3.2857e-03 -1.6458e-03 -4.6422e-04 9.0194e-06 3.4361e-05 9.7229e-05 3.4207e-04 1.7046e-03 1.6202e-02 -5.9730e-02 1.7006e-02 2.4843e-03 4.7884e-04
1.4057e-05 5.1416e-05 1.2198e-04 2.5386e-04 3.4615e-04 -9.0253e-04 -7.2908e-03 -9.8034e-03 -3.7960e-03 -7.2918e-04 -1.5571e-06 -1.1372e-05 -4.8299e-05 -1.6407e-04 -5.0996e-04 -1.4155e-03 -2.8477e-03 -3.3293e-03 -2.2055e-03 -7.0410e-04 5.5738e-06 1.9980e-05 4.8014e-05 1.2834e-04 4.7376e-04 2.3937e-03 2.2055e-02 -7.4246e-02 2.0416e-02 2.4391e-03
1.1053e-05 3.9976e-05 9.3397e-05 1.9773e-04 3.5777e-04 2.3820e-04 -2.1073e-03 -7.3686e-03 -6.5630e-03 -1.9418e-03 9.1292e-08 -3.9758e-06 -2.4952e-05 -9.2683e-05 -2.8994e-04 -8.1873e-04 -1.8419e-03 -2.6584e-03 -2.1720e-03 -7.7883e-04 4.4170e-06 1.5475e-05 3.4387e-05 7.6606e-05 2.2001e-04 8.7894e-04 4.2671e-03 3.8426e-02 -1.1384e-01 2.3395e-02
9.8702e-06 3.5469e-05 8.1913e-05 1.7204e-04 3.2385e-04 3.8753e-04 -7.2517e-04 -4.5799e-03 -6.0795e-03 -2.3168e-03 6.8976e-07 -1.2885e-06 -1.6594e-05 -6.7966e-05 -2.1579e-04 -6.0914e-04 -1.4125e-03 -2.2061e-03 -1.9822e-03 -7.5492e-04 4.0237e-06 1.4006e-05 3.0302e-05 6.2579e-05 1.5686e-04 5.5048e-04 2.3030e-03 1.0848e-02 1.3449e-01 -3.2592e-01
