-3.2131e-01 1.3645e-01 1.2523e-02 3.0986e-03 8.0873e-04 1.7970e-04 3.6909e-05 1.4569e-05 1.0589e-05 4.2281e-06 -1.2924e-03 -3.1074e-03 -2.7030e-03 -1.0454e-03 -6.5532e-05 1.7943e-04 1.7156e-04 1.2012e-04 6.9653e-05 2.2838e-05 -3.1907e-04 -1.1044e-03 -1.9858e-03 -2.2646e-03 -1.6723e-03 -9.1009e-04 -4.2941e-04 -1.9253e-04 -8.0488e-05 -2.1912e-05
2.2261e-02 -1.1143e-01 4.1174e-02 5.5036e-03 1.3409e-03 3.2128e-04 7.5602e-05 2.5576e-05 1.3880e-05 4.9800e-06 -1.4066e-03 -3.8030e-03 -3.8486e-03 -1.6831e-03 -1.9624e-04 2.0044e-04 2.0627e-04 1.4353e-04 8.2019e-05 2.6647e-05 -2.8952e-04 -1.0362e-03 -1.9984e-03 -2.4855e-03 -1.9645e-03 -1.1053e-03 -5.2705e-04 -2.3775e-04 -1.0037e-04 -2.7579e-05
2.1409e-03 1.8848e-02 -7.2427e-02 2.4705e-02 3.4140e-03 7.9844e-04 2.0251e-04 6.1848e-05 2.4869e-05 7.5169e-06 -1.0652e-03 -3.7967e-03 -5.9199e-03 -3.8124e-03 -8.6443e-04 1.4849e-04 2.5980e-04 1.8872e-04 1.0703e-04 3.4436e-05 -2.1491e-04 -8.1801e-04 -1.8032e-03 -2.6949e-03 -2.5112e-03 -1.5498e-03 -7.6217e-04 -3.4635e-04 -1.4725e-04 -4.0769e-05
4.1566e-04 2.1686e-03 1.5570e-02 -5.8288e-02 1.8782e-02 2.6059e-03 6.2698e-04 1.8094e-04 6.1195e-05 1.5973e-05 -3.3419e-04 -1.6426e-03 -5.0379e-03 -7.4274e-03 -3.5382e-03 -4.3956e-04 2.4453e-04 2.4321e-04 1.4421e-04 4.6566e-05 -1.2169e-04 -4.9450e-04 -1.2699e-03 -2.4399e-03 -3.0181e-03 -2.2837e-03 -1.2281e-03 -5.7030e-04 -2.4303e-04 -6.7360e-05
1.0195e-04 4.6565e-04 1.8687e-03 1.4254e-02 -5.3122e-02 1.6490e-02 2.3621e-03 6.1266e-04 1.8971e-04 4.5803e-05 -2.7146e-05 -2.2449e-04 -1.3405e-03 -5.4354e-03 -8.3025e-03 -3.3870e-03 -3.4269e-04 2.0652e-04 1.7463e-04 6.0208e-05 -5.5250e-05 -2.3547e-04 -6.7648e-04 -1.6258e-03 -2.8241e-03 -2.9969e-03 -1.9901e-03 -1.0037e-03 -4.3634e-04 -1.2123e-04
2.9657e-05 1.2646e-04 4.3004e-04 1.8058e-03 1.4589e-02 -5.3301e-02 1.6209e-02 2.4670e-03 6.7342e-04 1.5434e-04 1.9646e-05 5.0410e-05 -4.1120e-05 -1.0662e-03 -5.5040e-03 -8.4876e-03 -3.4219e-03 -5.0336e-04 5.4724e-05 4.6980e-05 -2.2834e-05 -1.0070e-04 -3.0706e-04 -8.3708e-04 -1.8865e-03 -2.9074e-03 -2.7083e-03 -1.6633e-03 -7.8285e-04 -2.2265e-04
1.1005e-05 4.4110e-05 1.3376e-04 4.6734e-04 2.0520e-03 1.6869e-02 -5.8874e-02 1.7594e-02 2.7942e-03 5.7010e-04 1.7915e-05 6.1578e-05 1.1734e-04 5.8185e-05 -1.0528e-03 -5.5365e-03 -7.8935e-03 -3.4618e-03 -8.2087e-04 -1.2895e-04 -9.6105e-06 -4.4162e-05 -1.3989e-04 -4.0008e-04 -1.0219e-03 -2.0444e-03 -2.6807e-03 -2.1878e-03 -1.2073e-03 -3.6528e-04
5.5708e-06 2.1147e-05 5.7580e-05 1.7510e-04 6.3918e-04 2.8011e-03 2.2696e-02 -7.3563e-02 2.0809e-02 2.5656e-03 1.3181e-05 4.6854e-05 1.0351e-04 1.7687e-04 5.3388e-05 -1.4264e-03 -5.5559e-03 -6.4696e-03 -3.0066e-03 -7.1041e-04 -4.3786e-06 -2.1552e-05 -7.1627e-05 -2.0909e-04 -5.5508e-04 -1.2531e-03 -2.0560e-03 -2.1635e-03 -1.4391e-03 -4.7535e-04
3.7705e-06 1.3825e-05 3.4738e-05 9.4009e-05 3.0434e-04 1.1294e-03 4.7395e-03 3.8982e-02 -1.1339e-01 2.3538e-02 1.0392e-05 3.7028e-05 8.3667e-05 1.6187e-04 2.1481e-04 -2.0539e-04 -2.3696e-03 -5.2636e-03 -4.2671e-03 -1.3406e-03 -2.2641e-06 -1.2369e-05 -4.3892e-05 -1.3076e-04 -3.5004e-04 -8.2261e-04 -1.4999e-03 -1.8399e-03 -1.4056e-03 -5.0067e-04
3.1799e-06 1.1487e-05 2.7756e-05 7.0353e-05 2.1229e-04 7.3614e-04 2.6872e-03 1.1338e-02 1.3489e-01 -3.2576e-01 9.2056e-06 3.2742e-05 7.4090e-05 1.4690e-04 2.2782e-04 6.0008e-05 -1.2461e-03 -3.7879e-03 -4.0318e-03 -1.4931e-03 -1.4901e-06 -8.9975e-06 -3.3743e-05 -1.0227e-04 -2.7445e-04 -6.5140e-04 -1.2326e-03 -1.6122e-03 -1.3156e-03 -4.8737e-04
-3.1907e-04 -1.1044e-03 -1.9858e-03 -2.2646e-03 -1.6723e-03 -9.1009e-04 -4.2941e-04 -1.9253e-04 -8.0488e-05 -2.1912e-05 -3.2131e-01 1.3645e-01 1.2523e-02 3.0986e-03 8.0873e-04 1.7970e-04 3.6909e-05 1.4569e-05 1.0589e-05 4.2281e-06 -1.2924e-03 -3.1074e-03 -2.7030e-03 -1.0454e-03 -6.5532e-05 1.7943e-04 1.7156e-04 1.2012e-04 6.9653e-05 2.2838e-05
-2.8952e-04 -1.0362e-03 -1.9984e-03 -2.4855e-03 -1.9645e-03 -1.1053e-03 -5.2705e-04 -2.3775e-04 -1.0037e-04 -2.7579e-05 2.2261e-02 -1.1143e-01 4.1174e-02 5.5036e-03 1.3409e-03 3.2128e-04 7.5602e-05 2.5576e-05 1.3880e-05 4.9800e-06 -1.4066e-03 -3.8030e-03 -3.8486e-03 -1.6831e-03 -1.9624e-04 2.0044e-04 2.0627e-04 1.4353e-04 8.2019e-05 2.6647e-05
-2.1491e-04 -8.1801e-04 -1.8032e-03 -2.6949e-03 -2.5112e-03 -1.5498e-03 -7.6217e-04 -3.4635e-04 -1.4725e-04 -4.0769e-05 2.1409e-03 1.8848e-02 -7.2428e-02 2.4705e-02 3.4140e-03 7.9844e-04 2.0251e-04 6.1848e-05 2.4869e-05 7.5169e-06 -1.0652e-03 -3.7967e-03 -5.9199e-03 -3.8124e-03 -8.6443e-04 1.4849e-04 2.5980e-04 1.8872e-04 1.0703e-04 3.4436e-05
-1.2169e-04 -4.9450e-04 -1.2699e-03 -2.4399e-03 -3.0181e-03 -2.2837e-03 -1.2281e-03 -5.7030e-04 -2.4303e-04 -6.7360e-05 4.1566e-04 2.1686e-03 1.5570e-02 -5.8288e-02 1.8782e-02 2.6059e-03 6.2698e-04 1.8094e-04 6.1195e-05 1.5973e-05 -3.3419e-04 -1.6426e-03 -5.0379e-03 -7.4274e-03 -3.5382e-03 -4.3956e-04 2.4453e-04 2.4321e-04 1.4421e-04 4.6566e-05
-5.5250e-05 -2.3547e-04 -6.7648e-04 -1.6258e-03 -2.8241e-03 -2.9969e-03 -1.9901e-03 -1.0037e-03 -4.3634e-04 -1.2123e-04 1.0195e-04 4.6565e-04 1.8687e-03 1.4254e-02 -5.3122e-02 1.6490e-02 2.3621e-03 6.1266e-04 1.8971e-04 4.5803e-05 -2.7146e-05 -2.2449e-04 -1.3405e-03 -5.4354e-03 -8.3025e-03 -3.3870e-03 -3.4269e-04 2.0652e-04 1.7463e-04 6.0208e-05
-2.2834e-05 -1.0070e-04 -3.0706e-04 -8.3708e-04 -1.8865e-03 -2.9074e-03 -2.7083e-03 -1.6633e-03 -7.8285e-04 -2.2265e-04 2.9657e-05 1.2646e-04 4.3004e-04 1.8058e-03 1.4589e-02 -5.3302e-02 1.6209e-02 2.4670e-03 6.7342e-04 1.5434e-04 1.9646e-05 5.0410e-05 -4.1120e-05 -1.0662e-03 -5.5040e-03 -8.4876e-03 -3.4219e-03 -5.0336e-04 5.4724e-05 4.6980e-05
-9.6105e-06 -4.4162e-05 -1.3989e-04 -4.0008e-04 -1.0219e-03 -2.0444e-03 -2.6807e-03 -2.1878e-03 -1.2073e-03 -3.6528e-04 1.1005e-05 4.4110e-05 1.3376e-04 4.6734e-04 2.0520e-03 1.6869e-02 -5.8874e-02 1.7594e-02 2.7942e-03 5.7010e-04 1.7915e-05 6.1578e-05 1.1734e-04 5.8185e-05 -1.0528e-03 -5.5365e-03 -7.8935e-03 -3.4618e-03 -8.2087e-04 -1.2895e-04
-4.3786e-06 -2.1552e-05 -7.1627e-05 -2.0909e-04 -5.5508e-04 -1.2531e-03 -2.0560e-03 -2.1635e-03 -1.4391e-03 -4.7535e-04 5.5708e-06 2.1147e-05 5.7580e-05 1.7510e-04 6.3918e-04 2.8011e-03 2.2696e-02 -7.3563e-02 2.0809e-02 2.5656e-03 1.3181e-05 4.6854e-05 1.0351e-04 1.7687e-04 5.3388e-05 -1.4264e-03 -5.5559e-03 -6.4696e-03 -3.0066e-03 -7.1041e-04
-2.2641e-06 -1.2369e-05 -4.3892e-05 -1.3076e-04 -3.5004e-04 -8.2261e-04 -1.4999e-03 -1.8399e-03 -1.4056e-03 -5.0067e-04 3.7705e-06 1.3825e-05 3.4738e-05 9.4009e-05 3.0434e-04 1.1294e-03 4.7395e-03 3.8982e-02 -1.1339e-01 2.3538e-02 1.0392e-05 3.7028e-05 8.3667e-05 1.6187e-04 2.1481e-04 -2.0539e-04 -2.3696e-03 -5.2636e-03 -4.2671e-03 -1.3406e-03
-1.4901e-06 -8.9975e-06 -3.3743e-05 -1.0227e-04 -2.7445e-04 -6.5140e-04 -1.2326e-03 -1.6122e-03 -1.3156e-03 -4.8737e-04 3.1799e-06 1.1487e-05 2.7756e-05 7.0353e-05 2.1229e-04 7.3614e-04 2.6872e-03 1.1338e-02 1.3489e-01 -3.2576e-01 9.2056e-06 3.2742e-05 7.4090e-05 1.4690e-04 2.2782e-04 6.0008e-05 -1.2461e-03 -3.7879e-03 -4.0318e-03 -1.4931e-03
-1.2924e-03 -3.1074e-03 -2.7030e-03 -1.0454e-03 -6.5532e-05 1.7943e-04 1.7156e-04 1.2012e-04 6.9653e-05 2.2838e-05 -3.1907e-04 -1.1044e-03 -1.9858e-03 -2.2646e-03 -1.6723e-03 -9.1009e-04 -4.2941e-04 -1.9253e-04 -8.0488e-05 -2.1912e-05 -3.2131e-01 1.3645e-01 1.2523e-02 3.0986e-03 8.0873e-04 1.7970e-04 3.6909e-05 1.4569e-05 1.0589e-05 4.2281e-06
-1.4066e-03 -3.8030e-03 -3.8486e-03 -1.6831e-03 -1.9624e-04 2.0044e-04 2.0627e-04 1.4353e-04 8.2019e-05 2.6647e-05 -2.8952e-04 -1.0362e-03 -1.9984e-03 -2.4855e-03 -1.9645e-03 -1.1053e-03 -5.2705e-04 -2.3775e-04 -1.0037e-04 -2.7579e-05 2.2261e-02 -1.1143e-01 4.1174e-02 5.5036e-03 1.3409e-03 3.2128e-04 7.5602e-05 2.5576e-05 1.3880e-05 4.9800e-06
-1.0652e-03 -3.7967e-03 -5.9199e-03 -3.8124e-03 -8.6443e-04 1.4849e-04 2.5980e-04 1.8872e-04 1.0703e-04 3.4436e-05 -2.1491e-04 -8.1801e-04 -1.8032e-03 -2.6949e-03 -2.5112e-03 -1.5498e-03 -7.6217e-04 -3.4635e-04 -1.4725e-04 -4.0769e-05 2.1409e-03 1.8848e-02 -7.2427e-02 2.4705e-02 3.4140e-03 7.9844e-04 2.0251e-04 6.1848e-05 2.4869e-05 7.5169e-06
-3.3419e-04 -1.6426e-03 -5.0379e-03 -7.4274e-03 -3.5382e-03 -4.3956e-04 2.4453e-04 2.4321e-04 1.4421e-04 4.6566e-05 -1.2169e-04 -4.9450e-04 -1.2699e-03 -2.4399e-03 -3.0181e-03 -2.2837e-03 -1.2281e-03 -5.7030e-04 -2.4303e-04 -6.7360e-05 4.1566e-04 2.1686e-03 1.5570e-02 -5.8287e-02 1.8782e-02 2.6059e-03 6.2698e-04 1.8094e-04 6.1195e-05 1.5973e-05
-2.7146e-05 -2.2449e-04 -1.3405e-03 -5.4354e-03 -8.3025e-03 -3.3870e-03 -3.4269e-04 2.0652e-04 1.7463e-04 6.0208e-05 -5.5250e-05 -2.3547e-04 -6.7648e-04 -1.6258e-03 -2.8241e-03 -2.9969e-03 -1.9901e-03 -1.0037e-03 -4.3634e-04 -1.2123e-04 1.0195e-04 4.6565e-04 1.8687e-03 1.4254e-02 -5.3123e-02 1.6490e-02 2.3621e-03 6.1266e-04 1.8971e-04 4.5803e-05
1.9646e-05 5.0410e-05 -4.1120e-05 -1.0662e-03 -5.5040e-03 -8.4876e-03 -3.4219e-03 -5.0336e-04 5.4724e-05 4.6980e-05 -2.2834e-05 -1.0070e-04 -3.0706e-04 -8.3708e-04 -1.8865e-03 -2.9074e-03 -2.7083e-03 -1.6633e-03 -7.8285e-04 -2.2265e-04 2.9657e-05 1.2646e-04 4.3004e-04 1.8058e-03 1.4589e-02 -5.3300e-02 1.6209e-02 2.4670e-03 6.7342e-04 1.5434e-04
1.7915e-05 6.1578e-05 1.1734e-04 5.8185e-05 -1.0528e-03 -5.5365e-03 -7.8935e-03 -3.4618e-03 -8.2087e-04 -1.2895e-04 -9.6105e-06 -4.4162e-05 -1.3989e-04 -4.0008e-04 -1.0219e-03 -2.0444e-03 -2.6807e-03 -2.1878e-03 -1.2073e-03 -3.6528e-04 1.1005e-05 4.4110e-05 1.3376e-04 4.6734e-04 2.0520e-03 1.6869e-02 -5.8874e-02 1.7594e-02 2.7942e-03 5.7010e-04
1.3181e-05 4.6854e-05 1.0351e-04 1.7687e-04 5.3388e-05 -1.4264e-03 -5.5559e-03 -6.4696e-03 -3.0066e-03 -7.1041e-04 -4.3786e-06 -2.1552e-05 -7.1627e-05 -2.0909e-04 -5.5508e-04 -1.2531e-03 -2.0560e-03 -2.1635e-03 -1.4391e-03 -4.7535e-04 5.5708e-06 2.1147e-05 5.7580e-05 1.7510e-04 6.3918e-04 2.8011e-03 2.2696e-02 -7.3563e-02 2.0809e-02 2.5656e-03
1.0392e-05 3.7028e-05 8.3667e-05 1.6187e-04 2.1481e-04 -2.0539e-04 -2.3696e-03 -5.2636e-03 -4.2671e-03 -1.3406e-03 -2.2641e-06 -1.2369e-05 -4.3892e-05 -1.3076e-04 -3.5004e-04 -8.2261e-04 -1.4999e-03 -1.8399e-03 -1.4056e-03 -5.0067e-04 3.7705e-06 1.3825e-05 3.4738e-05 9.4009e-05 3.0434e-04 1.1294e-03 4.7395e-03 3.8982e-02 -1.1339e-01 2.3538e-02
9.2056e-06 3.2742e-05 7.4090e-05 1.4690e-04 2.2782e-04 6.0008e-05 -1.2461e-03 -3.7879e-03 -4.0318e-03 -1.4931e-03 -1.4901e-06 -8.9975e-06 -3.3743e-05 -1.0227e-04 -2.7445e-04 -6.5140e-04 -1.2326e-03 -1.6122e-03 -1.3156e-03 -4.8737e-04 3.1799e-06 1.1487e-05 2.7756e-05 7.0353e-05 2.1229e-04 7.3614e-04 2.6872e-03 1.1338e-02 1.3489e-01 -3.2576e-01
