-3.2107e-01 1.3691e-01 1.2901e-02 3.5492e-03 1.1962e-03 4.0768e-04 1.3837e-04 5.0289e-05 1.9973e-05 5.6392e-06 -7.9952e-04 -2.0482e-03 -2.1829e-03 -1.2906e-03 -4.2046e-04 -1.9959e-05 8.4231e-05 8.1690e-05 5.1939e-05 1.7443e-05 -1.5127e-04 -5.3540e-04 -1.0142e-03 -1.3092e-03 -1.1817e-03 -8.0295e-04 -4.5705e-04 -2.3589e-04 -1.0932e-04 -3.1617e-05
2.2450e-02 -1.1082e-01 4.1672e-02 5.9887e-03 1.7856e-03 5.9960e-04 2.0704e-04 7.5971e-05 2.9570e-05 8.1281e-06 -8.5200e-04 -2.3645e-03 -2.8135e-03 -1.8115e-03 -6.3189e-04 -6.1005e-05 9.2763e-05 9.5953e-05 6.1394e-05 2.0595e-05 -1.4959e-04 -5.3117e-04 -1.0352e-03 -1.4027e-03 -1.3287e-03 -9.3352e-04 -5.4111e-04 -2.8192e-04 -1.3142e-04 -3.8138e-05
2.2413e-03 1.9213e-02 -7.1625e-02 2.5285e-02 3.9546e-03 1.1796e-03 4.0180e-04 1.4733e-04 5.6070e-05 1.4989e-05 -7.0383e-04 -2.3321e-03 -3.6918e-03 -3.1043e-03 -1.3336e-03 -2.5875e-04 7.3163e-05 1.1329e-04 7.6830e-05 2.6091e-05 -1.2943e-04 -4.7054e-04 -9.8161e-04 -1.4781e-03 -1.5611e-03 -1.1882e-03 -7.1999e-04 -3.8299e-04 -1.8030e-04 -5.2563e-05
4.7656e-04 2.3790e-03 1.6021e-02 -5.7400e-02 1.9425e-02 3.1278e-03 9.4252e-04 3.3376e-04 1.2393e-04 3.2453e-05 -3.2280e-04 -1.3231e-03 -3.2145e-03 -4.6000e-03 -3.0902e-03 -9.9591e-04 -1.0741e-04 9.3296e-05 8.6027e-05 3.1161e-05 -9.0539e-05 -3.4218e-04 -7.8394e-04 -1.3713e-03 -1.7228e-03 -1.5166e-03 -1.0052e-03 -5.5828e-04 -2.6754e-04 -7.8490e-05
1.3482e-04 5.8570e-04 2.1423e-03 1.4772e-02 -5.2222e-02 1.7132e-02 2.8283e-03 8.7410e-04 3.0898e-04 7.9152e-05 -7.5768e-05 -3.7530e-04 -1.3405e-03 -3.6154e-03 -5.0663e-03 -2.9961e-03 -8.7204e-04 -1.0980e-04 4.2813e-05 2.5083e-05 -5.2224e-05 -2.0494e-04 -5.1213e-04 -1.0420e-03 -1.6094e-03 -1.7474e-03 -1.3525e-03 -8.1905e-04 -4.0805e-04 -1.2138e-04
4.5028e-05 1.8528e-04 5.7801e-04 2.1262e-03 1.5148e-02 -5.2447e-02 1.6789e-02 2.8545e-03 8.7246e-04 2.1340e-04 -2.3990e-06 -4.0634e-05 -2.7355e-04 -1.2722e-03 -3.7608e-03 -5.0914e-03 -2.8866e-03 -9.1630e-04 -2.0849e-04 -3.0245e-05 -2.7100e-05 -1.0953e-04 -2.9092e-04 -6.6122e-04 -1.2217e-03 -1.6629e-03 -1.5856e-03 -1.1066e-03 -5.9410e-04 -1.8205e-04
1.7718e-05 7.0726e-05 2.0599e-04 6.4434e-04 2.4161e-03 1.7435e-02 -5.8118e-02 1.8060e-02 3.0656e-03 6.5618e-04 1.0459e-05 2.7782e-05 9.0490e-06 -2.2942e-04 -1.3334e-03 -3.7803e-03 -4.6538e-03 -2.6466e-03 -9.6309e-04 -2.2181e-04 -1.4019e-05 -5.8075e-05 -1.6038e-04 -3.8837e-04 -8.0487e-04 -1.3085e-03 -1.5313e-03 -1.2691e-03 -7.5855e-04 -2.4380e-04
8.5454e-06 3.3354e-05 9.3020e-05 2.7072e-04 8.6287e-04 3.2081e-03 2.3230e-02 -7.2953e-02 2.1114e-02 2.6667e-03 1.0581e-05 3.4083e-05 5.8138e-05 3.1079e-05 -3.0871e-04 -1.6197e-03 -3.6663e-03 -3.7527e-03 -2.0253e-03 -5.6419e-04 -7.8706e-06 -3.3416e-05 -9.4924e-05 -2.3744e-04 -5.2153e-04 -9.4268e-04 -1.2796e-03 -1.2321e-03 -8.2192e-04 -2.7887e-04
5.2264e-06 2.0065e-05 5.4244e-05 1.5122e-04 4.5082e-04 1.4256e-03 5.1735e-03 3.9435e-02 -1.1297e-01 2.3653e-02 9.2449e-06 3.0939e-05 6.0580e-05 8.2437e-05 -2.0347e-05 -6.3854e-04 -2.1490e-03 -3.2661e-03 -2.4429e-03 -8.0463e-04 -5.1137e-06 -2.2242e-05 -6.4638e-05 -1.6448e-04 -3.7050e-04 -7.0489e-04 -1.0400e-03 -1.1038e-03 -7.9810e-04 -2.8275e-04
4.0944e-06 1.5581e-05 4.1406e-05 1.1284e-04 3.2685e-04 9.8041e-04 3.0668e-03 1.1748e-02 1.3522e-01 -3.2560e-01 8.4569e-06 2.8589e-05 5.7913e-05 9.0038e-05 5.0999e-05 -3.3423e-04 -1.4592e-03 -2.6617e-03 -2.3448e-03 -8.4843e-04 -4.0511e-06 -1.7911e-05 -5.2794e-05 -1.3546e-04 -3.0794e-04 -5.9736e-04 -9.1266e-04 -1.0130e-03 -7.6224e-04 -2.7622e-04
-1.5127e-04 -5.3540e-04 -1.0142e-03 -1.3092e-03 -1.1817e-03 -8.0295e-04 -4.5705e-04 -2.3589e-04 -1.0932e-04 -3.1617e-05 -3.2107e-01 1.3691e-01 1.2901e-02 3.5492e-03 1.1962e-03 4.0768e-04 1.3837e-04 5.0289e-05 1.9973e-05 5.6392e-06 -7.9952e-04 -2.0482e-03 -2.1829e-03 -1.2906e-03 -4.2046e-04 -1.9959e-05 8.4231e-05 8.1690e-05 5.1939e-05 1.7443e-05
-1.4959e-04 -5.3117e-04 -1.0352e-03 -1.4027e-03 -1.3287e-03 -9.3352e-04 -5.4111e-04 -2.8192e-04 -1.3142e-04 -3.8138e-05 2.2450e-02 -1.1082e-01 4.1672e-02 5.9887e-03 1.7856e-03 5.9960e-04 2.0704e-04 7.5971e-05 2.9570e-05 8.1281e-06 -8.5200e-04 -2.3645e-03 -2.8135e-03 -1.8115e-03 -6.3189e-04 -6.1005e-05 9.2763e-05 9.5953e-05 6.1394e-05 2.0595e-05
-1.2943e-04 -4.7054e-04 -9.8161e-04 -1.4781e-03 -1.5611e-03 -1.1882e-03 -7.1999e-04 -3.8299e-04 -1.8030e-04 -5.2563e-05 2.2413e-03 1.9213e-02 -7.1625e-02 2.5285e-02 3.9546e-03 1.1796e-03 4.0180e-04 1.4733e-04 5.6070e-05 1.4989e-05 -7.0383e-04 -2.3321e-03 -3.6918e-03 -3.1043e-03 -1.3336e-03 -2.5875e-04 7.3163e-05 1.1329e-04 7.6830e-05 2.6091e-05
-9.0539e-05 -3.4218e-04 -7.8394e-04 -1.3713e-03 -1.7228e-03 -1.5166e-03 -1.0052e-03 -5.5828e-04 -2.6754e-04 -7.8490e-05 4.7656e-04 2.3790e-03 1.6021e-02 -5.7401e-02 1.9425e-02 3.1278e-03 9.4252e-04 3.3376e-04 1.2393e-04 3.2453e-05 -3.2280e-04 -1.3231e-03 -3.2145e-03 -4.6000e-03 -3.0902e-03 -9.9591e-04 -1.0741e-04 9.3296e-05 8.6027e-05 3.1161e-05
-5.2224e-05 -2.0494e-04 -5.1213e-04 -1.0420e-03 -1.6094e-03 -1.7474e-03 -1.3525e-03 -8.1905e-04 -4.0805e-04 -1.2138e-04 1.3482e-04 5.8570e-04 2.1423e-03 1.4772e-02 -5.2222e-02 1.7132e-02 2.8283e-03 8.7410e-04 3.0898e-04 7.9152e-05 -7.5768e-05 -3.7530e-04 -1.3405e-03 -3.6154e-03 -5.0663e-03 -2.9961e-03 -8.7204e-04 -1.0980e-04 4.2813e-05 2.5083e-05
-2.7100e-05 -1.0953e-04 -2.9092e-04 -6.6122e-04 -1.2217e-03 -1.6629e-03 -1.5856e-03 -1.1066e-03 -5.9410e-04 -1.8205e-04 4.5028e-05 1.8528e-04 5.7801e-04 2.1262e-03 1.5148e-02 -5.2448e-02 1.6789e-02 2.8545e-03 8.7246e-04 2.1340e-04 -2.3990e-06 -4.0634e-05 -2.7355e-04 -1.2722e-03 -3.7608e-03 -5.0914e-03 -2.8866e-03 -9.1630e-04 -2.0849e-04 -3.0245e-05
-1.4019e-05 -5.8075e-05 -1.6038e-04 -3.8837e-04 -8.0487e-04 -1.3085e-03 -1.5313e-03 -1.2691e-03 -7.5855e-04 -2.4380e-04 1.7718e-05 7.0726e-05 2.0599e-04 6.4434e-04 2.4161e-03 1.7435e-02 -5.8117e-02 1.8060e-02 3.0656e-03 6.5618e-04 1.0459e-05 2.7782e-05 9.0490e-06 -2.2942e-04 -1.3334e-03 -3.7803e-03 -4.6538e-03 -2.6466e-03 -9.6309e-04 -2.2181e-04
-7.8706e-06 -3.3416e-05 -9.4924e-05 -2.3744e-04 -5.2153e-04 -9.4268e-04 -1.2796e-03 -1.2321e-03 -8.2192e-04 -2.7887e-04 8.5454e-06 3.3354e-05 9.3020e-05 2.7072e-04 8.6287e-04 3.2081e-03 2.3230e-02 -7.2952e-02 2.1114e-02 2.6667e-03 1.0581e-05 3.4083e-05 5.8138e-05 3.1079e-05 -3.0871e-04 -1.6197e-03 -3.6663e-03 -3.7527e-03 -2.0253e-03 -5.6419e-04
-5.1137e-06 -2.2242e-05 -6.4638e-05 -1.6448e-04 -3.7050e-04 -7.0489e-04 -1.0400e-03 -1.1038e-03 -7.9810e-04 -2.8275e-04 5.2264e-06 2.0065e-05 5.4244e-05 1.5122e-04 4.5082e-04 1.4256e-03 5.1735e-03 3.9435e-02 -1.1297e-01 2.3653e-02 9.2449e-06 3.0939e-05 6.0580e-05 8.2437e-05 -2.0347e-05 -6.3854e-04 -2.1490e-03 -3.2661e-03 -2.4429e-03 -8.0463e-04
-4.0511e-06 -1.7911e-05 -5.2794e-05 -1.3546e-04 -3.0794e-04 -5.9736e-04 -9.1266e-04 -1.0130e-03 -7.6224e-04 -2.7622e-04 4.0944e-06 1.5581e-05 4.1406e-05 1.1284e-04 3.2685e-04 9.8041e-04 3.0668e-03 1.1748e-02 1.3522e-01 -3.2560e-01 8.4569e-06 2.8589e-05 5.7913e-05 9.0038e-05 5.0999e-05 -3.3423e-04 -1.4592e-03 -2.6617e-03 -2.3448e-03 -8.4843e-04
-7.9952e-04 -2.0482e-03 -2.1829e-03 -1.2906e-03 -4.2046e-04 -1.9959e-05 8.4231e-05 8.1690e-05 5.1939e-05 1.7443e-05 -1.5127e-04 -5.3540e-04 -1.0142e-03 -1.3092e-03 -1.1817e-03 -8.0295e-04 -4.5705e-04 -2.3589e-04 -1.0932e-04 -3.1617e-05 -3.2107e-01 1.3691e-01 1.2901e-02 3.5492e-03 1.1962e-03 4.0768e-04 1.3837e-04 5.0289e-05 1.9973e-05 5.6392e-06
-8.5200e-04 -2.3645e-03 -2.8135e-03 -1.8115e-03 -6.3189e-04 -6.1005e-05 9.2763e-05 9.5953e-05 6.1394e-05 2.0595e-05 -1.4959e-04 -5.3117e-04 -1.0352e-03 -1.4027e-03 -1.3287e-03 -9.3352e-04 -5.4111e-04 -2.8192e-04 -1.3142e-04 -3.8138e-05 2.2450e-02 -1.1082e-01 4.1672e-02 5.9887e-03 1.7856e-03 5.9960e-04 2.0704e-04 7.5971e-05 2.9570e-05 8.1281e-06
-7.0383e-04 -2.3321e-03 -3.6918e-03 -3.1043e-03 -1.3336e-03 -2.5875e-04 7.3163e-05 1.1329e-04 7.6830e-05 2.6091e-05 -1.2943e-04 -4.7054e-04 -9.8161e-04 -1.4781e-03 -1.5611e-03 -1.1882e-03 -7.1999e-04 -3.8299e-04 -1.8030e-04 -5.2563e-05 2.2413e-03 1.9213e-02 -7.1625e-02 2.5285e-02 3.9546e-03 1.1796e-03 4.0180e-04 1.4733e-04 5.6070e-05 1.4989e-05
-3.2280e-04 -1.3231e-03 -3.2145e-03 -4.6000e-03 -3.0902e-03 -9.9591e-04 -1.0741e-04 9.3296e-05 8.6027e-05 3.1161e-05 -9.0539e-05 -3.4218e-04 -7.8394e-04 -1.3713e-03 -1.7228e-03 -1.5166e-03 -1.0052e-03 -5.5828e-04 -2.6754e-04 -7.8490e-05 4.7656e-04 2.3790e-03 1.6021e-02 -5.7399e-02 1.9425e-02 3.1278e-03 9.4252e-04 3.3376e-04 1.2393e-04 3.2453e-05
-7.5768e-05 -3.7530e-04 -1.3405e-03 -3.6154e-03 -5.0663e-03 -2.9961e-03 -8.7204e-04 -1.0980e-04 4.2813e-05 2.5083e-05 -5.2224e-05 -2.0494e-04 -5.1213e-04 -1.0420e-03 -1.6094e-03 -1.7474e-03 -1.3525e-03 -8.1905e-04 -4.0805e-04 -1.2138e-04 1.3482e-04 5.8570e-04 2.1423e-03 1.4772e-02 -5.2222e-02 1.7132e-02 2.8283e-03 8.7410e-04 3.0898e-04 7.9152e-05
-2.3990e-06 -4.0634e-05 -2.7355e-04 -1.2722e-03 -3.7608e-03 -5.0914e-03 -2.8866e-03 -9.1630e-04 -2.0849e-04 -3.0245e-05 -2.7100e-05 -1.0953e-04 -2.9092e-04 -6.6122e-04 -1.2217e-03 -1.6629e-03 -1.5856e-03 -1.1066e-03 -5.9410e-04 -1.8205e-04 4.5028e-05 1.8528e-04 5.7801e-04 2.1262e-03 1.5148e-02 -5.2446e-02 1.6789e-02 2.8545e-03 8.7246e-04 2.1340e-04
1.0459e-05 2.7782e-05 9.0490e-06 -2.2942e-04 -1.3334e-03 -3.7803e-03 -4.6538e-03 -2.6466e-03 -9.6309e-04 -2.2181e-04 -1.4019e-05 -5.8075e-05 -1.6038e-04 -3.8837e-04 -8.0487e-04 -1.3085e-03 -1.5313e-03 -1.2691e-03 -7.5855e-04 -2.4380e-04 1.7718e-05 7.0726e-05 2.0599e-04 6.4434e-04 2.4161e-03 1.7435e-02 -5.8118e-02 1.8060e-02 3.0656e-03 6.5618e-04
1.0581e-05 3.4083e-05 5.8138e-05 3.1079e-05 -3.0871e-04 -1.6197e-03 -3.6663e-03 -3.7527e-03 -2.0253e-03 -5.6419e-04 -7.8706e-06 -3.3416e-05 -9.4924e-05 -2.3744e-04 -5.2153e-04 -9.4268e-04 -1.2796e-03 -1.2321e-03 -8.2192e-04 -2.7887e-04 8.5454e-06 3.3354e-05 9.3020e-05 2.7072e-04 8.6287e-04 3.2081e-03 2.3230e-02 -7.2952e-02 2.1114e-02 2.6667e-03
9.2449e-06 3.0939e-05 6.0580e-05 8.2437e-05 -2.0347e-05 -6.3854e-04 -2.1490e-03 -3.2661e-03 -2.4429e-03 -8.0463e-04 -5.1137e-06 -2.2242e-05 -6.4638e-05 -1.6448e-04 -3.7050e-04 -7.0489e-04 -1.0400e-03 -1.1038e-03 -7.9810e-04 -2.8275e-04 5.2264e-06 2.0065e-05 5.4244e-05 1.5122e-04 4.5082e-04 1.4256e-03 5.1735e-03 3.9435e-02 -1.1297e-01 2.3653e-02
8.4569e-06 2.8589e-05 5.7913e-05 9.0038e-05 5.0999e-05 -3.3423e-04 -1.4592e-03 -2.6617e-03 -2.3448e-03 -8.4843e-04 -4.0511e-06 -1.7911e-05 -5.2794e-05 -1.3546e-04 -3.0794e-04 -5.9736e-04 -9.1266e-04 -1.0130e-03 -7.6224e-04 -2.7622e-04 4.0944e-06 1.5581e-05 4.1406e-05 1.1284e-04 3.2685e-04 9.8041e-04 3.0668e-03 1.1748e-02 1.3522e-01 -3.2560e-01
