-3.2112e-01 1.3682e-01 1.2846e-02 3.4776e-03 1.1234e-03 3.5771e-04 1.1214e-04 3.8854e-05 1.5747e-05 4.6242e-06 -8.9119e-04 -2.2601e-03 -2.3223e-03 -1.2719e-03 -3.5094e-04 2.8258e-05 1.0794e-04 9.2329e-05 5.6560e-05 1.8771e-05 -1.8154e-04 -6.3644e-04 -1.1885e-03 -1.4951e-03 -1.2963e-03 -8.4092e-04 -4.5930e-04 -2.2976e-04 -1.0424e-04 -2.9812e-05
2.2409e-02 -1.1095e-01 4.1586e-02 5.9131e-03 1.7044e-03 5.4056e-04 1.7454e-04 6.1091e-05 2.3744e-05 6.6546e-06 -9.5230e-04 -2.6347e-03 -3.0472e-03 -1.8279e-03 -5.5128e-04 6.6453e-07 1.2335e-04 1.0940e-04 6.7045e-05 2.2180e-05 -1.7556e-04 -6.2238e-04 -1.2070e-03 -1.6069e-03 -1.4689e-03 -9.8622e-04 -5.4800e-04 -2.7648e-04 -1.2617e-04 -3.6219e-05
2.2215e-03 1.9140e-02 -7.1792e-02 2.5190e-02 3.8604e-03 1.1034e-03 3.5608e-04 1.2474e-04 4.6549e-05 1.2442e-05 -7.7325e-04 -2.6003e-03 -4.1125e-03 -3.2934e-03 -1.2673e-03 -1.7026e-04 1.2114e-04 1.3447e-04 8.5470e-05 2.8445e-05 -1.4663e-04 -5.3716e-04 -1.1306e-03 -1.6985e-03 -1.7513e-03 -1.2792e-03 -7.4218e-04 -3.8138e-04 -1.7553e-04 -5.0605e-05
4.6436e-04 2.3383e-03 1.5936e-02 -5.7579e-02 1.9316e-02 3.0311e-03 8.7662e-04 2.9790e-04 1.0763e-04 2.7882e-05 -3.3025e-04 -1.4017e-03 -3.5608e-03 -5.1305e-03 -3.2340e-03 -9.0070e-04 -2.6997e-05 1.3238e-04 1.0220e-04 3.5532e-05 -9.8045e-05 -3.7587e-04 -8.7996e-04 -1.5655e-03 -1.9604e-03 -1.6773e-03 -1.0669e-03 -5.7085e-04 -2.6667e-04 -7.7260e-05
1.2765e-04 5.6063e-04 2.0889e-03 1.4676e-02 -5.2400e-02 1.7020e-02 2.7401e-03 8.1961e-04 2.8202e-04 7.1248e-05 -6.6347e-05 -3.5064e-04 -1.3658e-03 -3.9759e-03 -5.6678e-03 -3.1288e-03 -7.8080e-04 -3.9183e-05 7.5556e-05 3.4200e-05 -5.3739e-05 -2.1461e-04 -5.5181e-04 -1.1593e-03 -1.8296e-03 -1.9780e-03 -1.4879e-03 -8.6946e-04 -4.2125e-04 -1.2352e-04
4.1276e-05 1.7156e-04 5.4604e-04 2.0630e-03 1.5045e-02 -5.2614e-02 1.6687e-02 2.7818e-03 8.3261e-04 2.0112e-04 3.0517e-06 -1.9598e-05 -2.2758e-04 -1.2580e-03 -4.1174e-03 -5.7166e-03 -3.0432e-03 -8.5441e-04 -1.5554e-04 -1.3385e-05 -2.6538e-05 -1.0930e-04 -2.9915e-04 -7.0593e-04 -1.3553e-03 -1.8875e-03 -1.7922e-03 -1.2217e-03 -6.3967e-04 -1.9317e-04
1.5855e-05 6.3684e-05 1.8843e-04 6.0555e-04 2.3442e-03 1.7332e-02 -5.8265e-02 1.7979e-02 3.0161e-03 6.4001e-04 1.2626e-05 3.7028e-05 3.5757e-05 -1.6974e-04 -1.3073e-03 -4.1419e-03 -5.2442e-03 -2.8436e-03 -9.5989e-04 -2.0882e-04 -1.3142e-05 -5.5602e-05 -1.5821e-04 -3.9728e-04 -8.5951e-04 -1.4543e-03 -1.7379e-03 -1.4364e-03 -8.4626e-04 -2.6898e-04
7.5876e-06 2.9642e-05 8.3271e-05 2.4741e-04 8.1465e-04 3.1292e-03 2.3134e-02 -7.3073e-02 2.1061e-02 2.6489e-03 1.1436e-05 3.8004e-05 7.0811e-05 6.7016e-05 -2.3586e-04 -1.6189e-03 -4.0454e-03 -4.2424e-03 -2.2286e-03 -6.0269e-04 -7.1036e-06 -3.0948e-05 -9.0724e-05 -2.3477e-04 -5.3722e-04 -1.0157e-03 -1.4294e-03 -1.3989e-03 -9.3274e-04 -3.1497e-04
4.6670e-06 1.7853e-05 4.8197e-05 1.3591e-04 4.1675e-04 1.3647e-03 5.0921e-03 3.9353e-02 -1.1305e-01 2.3632e-02 9.6449e-06 3.2914e-05 6.7469e-05 1.0381e-04 3.4171e-05 -5.6274e-04 -2.2364e-03 -3.6470e-03 -2.7686e-03 -9.0430e-04 -4.4697e-06 -2.0087e-05 -6.0469e-05 -1.5904e-04 -3.7212e-04 -7.4009e-04 -1.1384e-03 -1.2414e-03 -9.0657e-04 -3.2149e-04
3.6843e-06 1.3938e-05 3.6798e-05 1.0079e-04 2.9899e-04 9.2831e-04 2.9936e-03 1.1673e-02 1.3516e-01 -3.2563e-01 8.7163e-06 2.9940e-05 6.2841e-05 1.0591e-04 9.4324e-05 -2.5605e-04 -1.4526e-03 -2.9049e-03 -2.6500e-03 -9.6289e-04 -3.4694e-06 -1.5941e-05 -4.8840e-05 -1.2955e-04 -3.0542e-04 -6.1855e-04 -9.8649e-04 -1.1296e-03 -8.6267e-04 -3.1385e-04
-1.8154e-04 -6.3644e-04 -1.1885e-03 -1.4951e-03 -1.2963e-03 -8.4092e-04 -4.5930e-04 -2.2976e-04 -1.0424e-04 -2.9812e-05 -3.2112e-01 1.3682e-01 1.2846e-02 3.4776e-03 1.1234e-03 3.5771e-04 1.1214e-04 3.8854e-05 1.5747e-05 4.6242e-06 -8.9119e-04 -2.2601e-03 -2.3223e-03 -1.2719e-03 -3.5094e-04 2.8258e-05 1.0794e-04 9.2329e-05 5.6560e-05 1.8771e-05
-1.7556e-04 -6.2238e-04 -1.2070e-03 -1.6069e-03 -1.4689e-03 -9.8622e-04 -5.4800e-04 -2.7648e-04 -1.2617e-04 -3.6219e-05 2.2409e-02 -1.1095e-01 4.1586e-02 5.9131e-03 1.7044e-03 5.4056e-04 1.7454e-04 6.1091e-05 2.3744e-05 6.6546e-06 -9.5230e-04 -2.6347e-03 -3.0472e-03 -1.8279e-03 -5.5128e-04 6.6453e-07 1.2335e-04 1.0940e-04 6.7045e-05 2.2180e-05
-1.4663e-04 -5.3716e-04 -1.1306e-03 -1.6985e-03 -1.7513e-03 -1.2792e-03 -7.4218e-04 -3.8138e-04 -1.7553e-04 -5.0605e-05 2.2215e-03 1.9140e-02 -7.1792e-02 2.5190e-02 3.8604e-03 1.1034e-03 3.5608e-04 1.2474e-04 4.6549e-05 1.2442e-05 -7.7325e-04 -2.6003e-03 -4.1125e-03 -3.2934e-03 -1.2673e-03 -1.7026e-04 1.2114e-04 1.3447e-04 8.5470e-05 2.8445e-05
-9.8045e-05 -3.7587e-04 -8.7996e-04 -1.5655e-03 -1.9604e-03 -1.6773e-03 -1.0669e-03 -5.7085e-04 -2.6667e-04 -7.7260e-05 4.6436e-04 2.3383e-03 1.5936e-02 -5.7579e-02 1.9316e-02 3.0311e-03 8.7662e-04 2.9790e-04 1.0763e-04 2.7882e-05 -3.3025e-04 -1.4017e-03 -3.5608e-03 -5.1305e-03 -3.2340e-03 -9.0070e-04 -2.6997e-05 1.3238e-04 1.0220e-04 3.5532e-05
-5.3739e-05 -2.1461e-04 -5.5181e-04 -1.1593e-03 -1.8296e-03 -1.9780e-03 -1.4879e-03 -8.6946e-04 -4.2125e-04 -1.2352e-04 1.2765e-04 5.6063e-04 2.0889e-03 1.4676e-02 -5.2399e-02 1.7020e-02 2.7401e-03 8.1961e-04 2.8202e-04 7.1248e-05 -6.6347e-05 -3.5064e-04 -1.3658e-03 -3.9759e-03 -5.6678e-03 -3.1288e-03 -7.8080e-04 -3.9183e-05 7.5556e-05 3.4200e-05
-2.6538e-05 -1.0930e-04 -2.9915e-04 -7.0593e-04 -1.3553e-03 -1.8875e-03 -1.7922e-03 -1.2217e-03 -6.3967e-04 -1.9317e-04 4.1276e-05 1.7156e-04 5.4604e-04 2.0630e-03 1.5045e-02 -5.2614e-02 1.6687e-02 2.7818e-03 8.3261e-04 2.0112e-04 3.0517e-06 -1.9598e-05 -2.2758e-04 -1.2580e-03 -4.1174e-03 -5.7166e-03 -3.0432e-03 -8.5441e-04 -1.5554e-04 -1.3385e-05
-1.3142e-05 -5.5602e-05 -1.5821e-04 -3.9728e-04 -8.5951e-04 -1.4543e-03 -1.7379e-03 -1.4364e-03 -8.4626e-04 -2.6898e-04 1.5855e-05 6.3684e-05 1.8843e-04 6.0555e-04 2.3442e-03 1.7332e-02 -5.8264e-02 1.7979e-02 3.0161e-03 6.4001e-04 1.2626e-05 3.7028e-05 3.5757e-05 -1.6974e-04 -1.3073e-03 -4.1419e-03 -5.2442e-03 -2.8436e-03 -9.5989e-04 -2.0882e-04
-7.1036e-06 -3.0948e-05 -9.0724e-05 -2.3477e-04 -5.3722e-04 -1.0157e-03 -1.4294e-03 -1.3989e-03 -9.3274e-04 -3.1497e-04 7.5876e-06 2.9642e-05 8.3271e-05 2.4741e-04 8.1465e-04 3.1292e-03 2.3134e-02 -7.3072e-02 2.1061e-02 2.6489e-03 1.1436e-05 3.8004e-05 7.0811e-05 6.7016e-05 -2.3586e-04 -1.6189e-03 -4.0454e-03 -4.2424e-03 -2.2286e-03 -6.0269e-04
-4.4697e-06 -2.0087e-05 -6.0469e-05 -1.5904e-04 -3.7212e-04 -7.4009e-04 -1.1384e-03 -1.2414e-03 -9.0657e-04 -3.2149e-04 4.6670e-06 1.7853e-05 4.8197e-05 1.3591e-04 4.1675e-04 1.3647e-03 5.0921e-03 3.9353e-02 -1.1305e-01 2.3632e-02 9.6449e-06 3.2914e-05 6.7469e-05 1.0381e-04 3.4171e-05 -5.6274e-04 -2.2364e-03 -3.6470e-03 -2.7686e-03 -9.0430e-04
-3.4694e-06 -1.5941e-05 -4.8840e-05 -1.2955e-04 -3.0542e-04 -6.1855e-04 -9.8649e-04 -1.1296e-03 -8.6267e-04 -3.1385e-04 3.6843e-06 1.3938e-05 3.6798e-05 1.0079e-04 2.9899e-04 9.2831e-04 2.9936e-03 1.1673e-02 1.3516e-01 -3.2563e-01 8.7163e-06 2.9940e-05 6.2841e-05 1.0591e-04 9.4324e-05 -2.5605e-04 -1.4526e-03 -2.9049e-03 -2.6500e-03 -9.6289e-04
-8.9119e-04 -2.2601e-03 -2.3223e-03 -1.2719e-03 -3.5094e-04 2.8258e-05 1.0794e-04 9.2329e-05 5.6560e-05 1.8771e-05 -1.8154e-04 -6.3644e-04 -1.1885e-03 -1.4951e-03 -1.2963e-03 -8.4092e-04 -4.5930e-04 -2.2976e-04 -1.0424e-04 -2.9812e-05 -3.2112e-01 1.3682e-01 1.2846e-02 3.4776e-03 1.1234e-03 3.5771e-04 1.1214e-04 3.8854e-05 1.5747e-05 4.6242e-06
-9.5230e-04 -2.6347e-03 -3.0472e-03 -1.8279e-03 -5.5128e-04 6.6453e-07 1.2335e-04 1.0940e-04 6.7045e-05 2.2180e-05 -1.7556e-04 -6.2238e-04 -1.2070e-03 -1.6069e-03 -1.4689e-03 -9.8622e-04 -5.4800e-04 -2.7648e-04 -1.2617e-04 -3.6219e-05 2.2409e-02 -1.1095e-01 4.1586e-02 5.9131e-03 1.7044e-03 5.4056e-04 1.7454e-04 6.1091e-05 2.3744e-05 6.6546e-06
-7.7325e-04 -2.6003e-03 -4.1125e-03 -3.2934e-03 -1.2673e-03 -1.7026e-04 1.2114e-04 1.3447e-04 8.5470e-05 2.8445e-05 -1.4663e-04 -5.3716e-04 -1.1306e-03 -1.6985e-03 -1.7513e-03 -1.2792e-03 -7.4218e-04 -3.8138e-04 -1.7553e-04 -5.0605e-05 2.2215e-03 1.9140e-02 -7.1792e-02 2.5190e-02 3.8604e-03 1.1034e-03 3.5608e-04 1.2474e-04 4.6549e-05 1.2442e-05
-3.3025e-04 -1.4017e-03 -3.5608e-03 -5.1305e-03 -3.2340e-03 -9.0070e-04 -2.6997e-05 1.3238e-04 1.0220e-04 3.5532e-05 -9.8045e-05 -3.7587e-04 -8.7996e-04 -1.5655e-03 -1.9604e-03 -1.6773e-03 -1.0669e-03 -5.7085e-04 -2.6667e-04 -7.7260e-05 4.6436e-04 2.3383e-03 1.5936e-02 -5.7578e-02 1.9316e-02 3.0311e-03 8.7662e-04 2.9790e-04 1.0763e-04 2.7882e-05
-6.6347e-05 -3.5064e-04 -1.3658e-03 -3.9759e-03 -5.6678e-03 -3.1288e-03 -7.8080e-04 -3.9183e-05 7.5556e-05 3.4200e-05 -5.3739e-05 -2.1461e-04 -5.5181e-04 -1.1593e-03 -1.8296e-03 -1.9780e-03 -1.4879e-03 -8.6946e-04 -4.2125e-04 -1.2352e-04 1.2765e-04 5.6063e-04 2.0889e-03 1.4676e-02 -5.2399e-02 1.7020e-02 2.7401e-03 8.1961e-04 2.8202e-04 7.1248e-05
3.0517e-06 -1.9598e-05 -2.2758e-04 -1.2580e-03 -4.1174e-03 -5.7166e-03 -3.0432e-03 -8.5441e-04 -1.5554e-04 -1.3385e-05 -2.6538e-05 -1.0930e-04 -2.9915e-04 -7.0593e-04 -1.3553e-03 -1.8875e-03 -1.7922e-03 -1.2217e-03 -6.3967e-04 -1.9317e-04 4.1276e-05 1.7156e-04 5.4604e-04 2.0630e-03 1.5045e-02 -5.2612e-02 1.6687e-02 2.7818e-03 8.3261e-04 2.0112e-04
1.2626e-05 3.7028e-05 3.5757e-05 -1.6974e-04 -1.3073e-03 -4.1419e-03 -5.2442e-03 -2.8436e-03 -9.5989e-04 -2.0882e-04 -1.3142e-05 -5.5602e-05 -1.5821e-04 -3.9728e-04 -8.5951e-04 -1.4543e-03 -1.7379e-03 -1.4364e-03 -8.4626e-04 -2.6898e-04 1.5855e-05 6.3684e-05 1.8843e-04 6.0555e-04 2.3442e-03 1.7332e-02 -5.8265e-02 1.7979e-02 3.0161e-03 6.4001e-04
1.1436e-05 3.8004e-05 7.0811e-05 6.7016e-05 -2.3586e-04 -1.6189e-03 -4.0454e-03 -4.2424e-03 -2.2286e-03 -6.0269e-04 -7.1036e-06 -3.0948e-05 -9.0724e-05 -2.3477e-04 -5.3722e-04 -1.0157e-03 -1.4294e-03 -1.3989e-03 -9.3274e-04 -3.1497e-04 7.5876e-06 2.9642e-05 8.3271e-05 2.4741e-04 8.1465e-04 3.1292e-03 2.3134e-02 -7.3072e-02 2.1061e-02 2.6489e-03
9.6449e-06 3.2914e-05 6.7469e-05 1.0381e-04 3.4171e-05 -5.6274e-04 -2.2364e-03 -3.6470e-03 -2.7686e-03 -9.0430e-04 -4.4697e-06 -2.0087e-05 -6.0469e-05 -1.5904e-04 -3.7212e-04 -7.4009e-04 -1.1384e-03 -1.2414e-03 -9.0657e-04 -3.2149e-04 4.6670e-06 1.7853e-05 4.8197e-05 1.3591e-04 4.1675e-04 1.3647e-03 5.0921e-03 3.9353e-02 -1.1305e-01 2.3632e-02
8.7163e-06 2.9940e-05 6.2841e-05 1.0591e-04 9.4324e-05 -2.5605e-04 -1.4526e-03 -2.9049e-03 -2.6500e-03 -9.6289e-04 -3.4694e-06 -1.5941e-05 -4.8840e-05 -1.2955e-04 -3.0542e-04 -6.1855e-04 -9.8649e-04 -1.1296e-03 -8.6267e-04 -3.1385e-04 3.6843e-06 1.3938e-05 3.6798e-05 1.0079e-04 2.9899e-04 9.2831e-04 2.9936e-03 1.1673e-02 1.3516e-01 -3.2563e-01
