1.886796226411320632e+01
1.900383119268322574e+01
1.914007314510579505e+01
1.927668021211121285e+01
1.941364468614793282e+01
1.955095905575989690e+01
1.968861600011539537e+01
1.982660838368478906e+01
1.996492925106422334e+01
2.010357182194248438e+01
2.024252948620798875e+01
2.038179579919296103e+01
2.052136447705171207e+01
2.066122939226995214e+01
2.080138456930210467e+01
2.094182418033346949e+01
2.108254254116423354e+01
2.122353410721220257e+01
2.136479346963128734e+01
2.150631535154266061e+01
2.164809460437568234e+01
2.179012620431555902e+01
2.193240524885493770e+01
2.207492695344651779e+01
2.221768664825389905e+01
2.236067977499788384e+01
2.250390188389558688e+01
2.264734863068963122e+01
2.279101577376487953e+01
2.293489917135018530e+01
2.307899477880263461e+01
2.322329864597188021e+01
2.336780691464218762e+01
2.351251581604995522e+01
2.365742166847434191e+01
2.380252087489892787e+01
2.394780992074221260e+01
2.409328537165488271e+01
2.423894387138183504e+01
2.438478213968702235e+01
2.453079697033912154e+01
2.467698522915631543e+01
2.482334385210821992e+01
2.496986984347333305e+01
2.511656027405024716e+01
2.526341227942097944e+01
2.541042305826486469e+01
2.555758987072135469e+01
2.570491003680033870e+01
2.585238093483845390e+01
2.599999999999997513e+01
2.614776472282092712e+01
2.629567264779508662e+01
2.644372137200054951e+01
2.659190854376568680e+01
2.674023186137319996e+01
2.688868907180114931e+01
2.703727796949978668e+01
2.718599639520314426e+01
2.733484223477425701e+01
2.748381341808298473e+01
2.763290791791552437e+01
2.778212374891448277e+01
2.793145896654877447e+01
2.808091166611223599e+01
2.823047998175018947e+01
2.838016208551314890e+01
2.852995618643670284e+01
2.867986052964689847e+01
2.882987339549027794e+01
2.897999309868789197e+01
2.913021798751251623e+01
2.928054644298835285e+01
2.943097687811259178e+01
2.958150773709815340e+01
2.973213749463696942e+01
2.988286465518320512e+01
3.003368775225576215e+01
3.018460534775960369e+01
3.033561603132524809e+01
3.048671841966591955e+01
3.063791115595183001e+01
3.078919290920106633e+01
3.094056237368669926e+01
3.109201826835944260e+01
3.124355933628557125e+01
3.139518434409960790e+01
3.154689208147130586e+01
3.169868136058654784e+01
3.185055101564174151e+01
3.200249990235133168e+01
3.215452689746805248e+01
3.230663089831555368e+01
3.245881082233292858e+01
3.261106560663108667e+01
3.276339420756031018e+01
3.291579560028888096e+01
3.306826877839232992e+01
3.322081275345316698e+01
3.337342655467065811e+01
3.352610922848036523e+01
3.367885983818330686e+01
3.383167746358427763e+01
3.398456120063926988e+01
3.413751016111157810e+01
3.429052347223641561e+01
3.444360027639381627e+01
3.459673973078960785e+01
3.474994100714410905e+01
3.490320329138854305e+01
3.505652578336871983e+01
3.520990769655603003e+01
3.536334825776535240e+01
3.551684670687976109e+01
3.567040229658190498e+01
3.582401429209177479e+01
3.597768197091074427e+01
3.613140462257170071e+01
3.628518154839513699e+01
3.643901206125099179e+01
3.659289548532604641e+01
3.674683115589690630e+01
3.690081841910820515e+01
3.705485663175604572e+01
3.720894516107645700e+01
3.736308338453874711e+01
3.751727068964365941e+01
3.767150647372619687e+01
3.782579014376295135e+01
3.798012111618385944e+01
3.813449881668820751e+01
3.828892268006497801e+01
3.844339215001707544e+01
3.859790667898966632e+01
3.875246572800232059e+01
3.890706876648501833e+01
3.906171527211771632e+01
3.921640473067353838e+01
3.937113663586554679e+01
3.952591048919675387e+01
3.968072579981361514e+01
3.983558208436264891e+01
3.999047886685021780e+01
4.014541567850547921e+01
4.030039205764621357e+01
4.045540754954761553e+01
4.061046170631397700e+01
4.076555408675311298e+01
4.092068425625350869e+01
4.107585178666406733e+01
4.123105625617652237e+01
4.138629724921030828e+01
4.154157435629989692e+01
4.169688717398450706e+01
4.185223530470019426e+01
4.200761835667422162e+01
4.216303594382161180e+01
4.231848768564388763e+01
4.247397320712995139e+01
4.262949213865903886e+01
4.278504411590564871e+01
4.294062877974648984e+01
4.309624577616932584e+01
4.325189475618370949e+01
4.340757537573357894e+01
4.356328729561157331e+01
4.371903018137516028e+01
4.387480370326449730e+01
4.403060753612187739e+01
4.418644135931283756e+01
4.434230485664893706e+01
4.449819771631196375e+01
4.465411963077977475e+01
4.481007029675351561e+01
4.496604941508639541e+01
4.512205669071381209e+01
4.527809183258490577e+01
4.543415455359538413e+01
4.559024457052179002e+01
4.574636160395700557e+01
4.590250537824695698e+01
4.605867562142870497e+01
4.621487206516957258e+01
4.637109444470758746e+01
4.652734249879301842e+01
4.668361596963104887e+01
4.683991460282555153e+01
4.699623814732398586e+01
4.715258635536327603e+01
4.730895898241674757e+01
4.746535578714216541e+01
4.762177653133059607e+01
4.777822097985639971e+01
4.793468890062801080e+01
4.809118006453979177e+01
4.824769424542471796e+01
4.840423122000792233e+01
4.856079076786116389e+01
4.871737267135810612e+01
4.887397671563046941e+01
4.903060268852493664e+01
4.918725038056091137e+01
4.934391958488896535e+01
4.950061009725020256e+01
4.965732171593619881e+01
4.981405424174977981e+01
4.997080747796646705e+01
5.012758123029664148e+01
5.028437530684843892e+01
5.044118951809115003e+01
5.059802367681951552e+01
5.075487759811846900e+01
5.091175109932861176e+01
5.106864400001226301e+01
5.122555612192012120e+01
5.138248728895855777e+01
5.153943732715742243e+01
5.169640606463846666e+01
5.185339333158427166e+01
5.201039896020783004e+01
5.216742278472253247e+01
5.232446464131274411e+01
5.248152436810487842e+01
5.263860180513903941e+01
5.279569679434098362e+01
5.295280917949478550e+01
5.310993880621580843e+01
5.326708552192420143e+01
5.342424917581890043e+01
5.358142961885196343e+01
5.373862670370341732e+01
5.389584028475653810e+01
5.405307021807351475e+01
5.421031636137153953e+01
5.436757857399928895e+01
5.452485671691385249e+01
5.468215065265800234e+01
5.483946024533781127e+01
5.499678536060071110e+01
5.515412586561394903e+01
5.531148162904321453e+01
5.546885252103188435e+01
5.562623841318039553e+01
5.578363917852603748e+01
5.594105469152315635e+01
5.609848482802352265e+01
5.625592946525711824e+01
5.641338848181329269e+01
5.657086175762204761e+01
5.672834917393581833e+01
5.688585061331143322e+01
5.704336595959238565e+01
5.720089509789146831e+01
5.735843791457351415e+01
5.751599429723859913e+01
5.767356413470545817e+01
5.783114731699505029e+01
5.798874373531456428e+01
5.814635328204155229e+01
5.830397585070836186e+01
5.846161133598682369e+01
5.861925963367315973e+01
5.877692064067309019e+01
5.893459425498730297e+01
5.909228037569698699e+01
5.924997890294968528e+01
5.940768973794540386e+01
5.956541278292279173e+01
5.972314794114576131e+01
5.988089511689000943e+01
6.003865421543009262e+01
6.019642514302640279e+01
6.035420780691253384e+01
6.051200211528273343e+01
6.066980797727962482e+01
6.082762530298204240e+01
6.098545400339315137e+01
6.114329399042860302e+01
6.130114517690498133e+01
6.145900747652846263e+01
6.161688080388344702e+01
6.177476507442161591e+01
6.193266020445094000e+01
6.209056611112496427e+01
6.224848271243227771e+01
6.240640992718601154e+01
6.256434767501360028e+01
6.272229587634671333e+01
6.288025445241121503e+01
6.303822332521737337e+01
6.319620241755021794e+01
6.335419165295994048e+01
6.351219095575257256e+01
6.367020025098067748e+01
6.382821946443421268e+01
6.398624852263163376e+01
6.414428735281092031e+01
6.430233588292092861e+01
6.446039404161270170e+01
6.461846175823112048e+01
6.477653896280641277e+01
6.493462558604599622e+01
6.509272155932625026e+01
6.525082681468471435e+01
6.540894128481195935e+01
6.556706490304394208e+01
6.572519760335437411e+01
6.588333932034696261e+01
6.604148998924826230e+01
6.619964954590000161e+01
6.635781792675206248e+01
6.651599506885524704e+01
6.667418090985428591e+01
6.683237538798076116e+01
6.699057844204644141e+01
6.714879001143636117e+01
6.730701003610229805e+01
6.746523845655610785e+01
6.762347521386323024e+01
6.778172024963645015e+01
6.793997350602938923e+01
6.809823492573046622e+01
6.825650445195662996e+01
6.841478202844744771e+01
6.857306759945900865e+01
6.873136110975814006e+01
6.888966250461658092e+01
6.904797172980516962e+01
6.920628873158837280e+01
6.936461345671851575e+01
6.952294585243045333e+01
6.968128586643599931e+01
6.983963344691876785e+01
6.999798854252865965e+01
7.015635110237685979e+01
7.031472107603053701e+01
7.047309841350792681e+01
7.063148306527320130e+01
7.078987498223156649e+01
7.094827411572443054e+01
7.110668041752457214e+01
7.126509383983139401e+01
7.142351433526616233e+01
7.158194185686758715e+01
7.174037635808703328e+01
7.189881779278412921e+01
7.205726611522236169e+01
7.221572128006457092e+01
7.237418324236877254e+01
7.253265195758370965e+01
7.269112738154480269e+01
7.284960947046985780e+01
7.300809818095504511e+01
7.316659346997079183e+01
7.332509529485776056e+01
7.348360361332295554e+01
7.364211838343578620e+01
7.380063956362418764e+01
7.395916711267081212e+01
7.411770098970940523e+01
7.427624115422084117e+01
7.443478756602971202e+01
7.459334018530053356e+01
7.475189897253427773e+01
7.491046388856479155e+01
7.506903489455534384e+01
7.522761195199518625e+01
7.538619502269608574e+01
7.554478406878908459e+01
7.570337905272107548e+01
7.586197993725164679e+01
7.602058668544967190e+01
7.617919926069038183e+01
7.633781762665192616e+01
7.649644174731245982e+01
7.665507158694698830e+01
7.681370711012434072e+01
7.697234828170418552e+01
7.713099506683397522e+01
7.728964743094618939e+01
7.744830533975527942e+01
7.760696875925491156e+01
7.776563765571503950e+01
7.792431199567928957e+01
7.808299174596197645e+01
7.824167687364560209e+01
7.840036734607795665e+01
7.855906313086967430e+01
7.871776419589141938e+01
7.887647050927142800e+01
7.903518203939283637e+01
7.919389875489123654e+01
7.935262062465213262e+01
7.951134761780839710e+01
7.967007970373801129e+01
7.982881685206142208e+01
7.998755903263935352e+01
8.014630621557031986e+01
8.030505837118832346e+01
8.046381547006060941e+01
8.062257748298526394e+01
