nan
3.082550376591628449e+00
4.433313717283681399e+00
5.309862441016674595e+00
5.953668991013241651e+00
6.447307468505274031e+00
6.840701772462963959e+00
7.163821664845865911e+00
7.442033399822930662e+00
7.677022480445689467e+00
7.876037308233454937e+00
8.045619122950274260e+00
8.190601063640571056e+00
8.320773447556209845e+00
8.433367285393794432e+00
8.529419015118243408e+00
8.611079219782791228e+00
8.680138405322951556e+00
8.738529278620969620e+00
8.791619513046027734e+00
8.835002446652845620e+00
8.869752886747949816e+00
8.896801942052276146e+00
8.916960987611185274e+00
8.930940842625467724e+00
8.939367243245165184e+00
8.942793435530488111e+00
8.941710564414954376e+00
8.946390384256861950e+00
8.944089785436348805e+00
8.937861198124789297e+00
8.928083311852811121e+00
8.915095901479190843e+00
8.899204655179588030e+00
8.880685288754607498e+00
8.859787068539688448e+00
8.836735841375642053e+00
8.811736651655268204e+00
8.784976012609213569e+00
8.756623873898851329e+00
8.727438526073411751e+00
8.698950945603696638e+00
8.669362173788215387e+00
8.638781312646786503e+00
8.607308720939983004e+00
8.575036817188493643e+00
8.542050794300209304e+00
8.508429258384142102e+00
8.474244801162519991e+00
8.439564513988720762e+00
8.404450450380020143e+00
8.368960043075173161e+00
8.333146482532976407e+00
8.297059051015288844e+00
8.260743442162221228e+00
8.224242034830242076e+00
8.188888964392068814e+00
8.153793725013940730e+00
8.118611772919072322e+00
8.083373620559656914e+00
8.048107638477127068e+00
8.012840202612204976e+00
7.977595845256066909e+00
7.942397378373467376e+00
7.907266014775840901e+00
7.872221478270807538e+00
7.837282105289492762e+00
7.802464938736290989e+00
7.767785814756171803e+00
7.733259443025898960e+00
7.698881152359524194e+00
7.664656053906394817e+00
7.630622331662324953e+00
7.596790886347339011e+00
7.563171808664247209e+00
7.529774440074465502e+00
7.496607414394347302e+00
7.463678703940084702e+00
7.430995661078100056e+00
7.398565056981592392e+00
7.366393117802283896e+00
7.334485558462285226e+00
7.302847614223269446e+00
7.271484070208384054e+00
7.240399289026827390e+00
7.209597238129742180e+00
7.179309181562320674e+00
7.149774286933631373e+00
7.120521409509873223e+00
7.091553228457899039e+00
7.062872135775773330e+00
7.034480253588048626e+00
7.006379450402123510e+00
6.978571356387789137e+00
6.951057379176161177e+00
6.923838711634141774e+00
6.896916353217685369e+00
6.870291116167221546e+00
6.843963638226018276e+00
6.817934393256532388e+00
6.792203701242479852e+00
6.766771737715071566e+00
6.741638542638598963e+00
6.716804028790058112e+00
6.692267989662225247e+00
6.668030106919243138e+00
6.644089958805666996e+00
6.620447021261435694e+00
6.597100682506139790e+00
6.574050243393983806e+00
6.551294924396144026e+00
6.528833870878006707e+00
6.506666158083966423e+00
6.484790795846532063e+00
6.463206733035647744e+00
6.441912861763186449e+00
6.420908021354830630e+00
6.400191002105822591e+00
6.379760550164370159e+00
6.359615365530858710e+00
6.339754113283507131e+00
6.320175421189722087e+00
6.300877883889077324e+00
6.281860065570977980e+00
6.263120502505613807e+00
6.244657705436214457e+00
6.226470161840092388e+00
6.208556338067195313e+00
6.190914681355354610e+00
6.173543621739753462e+00
6.156372642953611418e+00
6.139361564848471176e+00
6.122619773099631679e+00
6.106145607181618473e+00
6.089937396565716199e+00
6.073993463391278880e+00
6.058312123743079702e+00
6.042891688852852994e+00
6.027730466233110818e+00
6.012826760745694443e+00
5.998178875608673799e+00
5.983785113344335826e+00
5.969643776671613722e+00
5.955753169346291287e+00
5.942111596948579155e+00
5.928717368883492433e+00
5.915568794036971667e+00
5.902664189008765661e+00
5.890001873660059672e+00
5.877580172957435956e+00
5.865397417510516576e+00
5.853451944074830493e+00
5.841742096021448560e+00
5.830266223775219636e+00
5.819022685223080416e+00
5.808009846093945328e+00
5.797226080311586927e+00
5.786669770321874573e+00
5.776339307395607747e+00
5.766233091908150143e+00
5.756349534806778578e+00
5.746687052996937162e+00
5.737244076851522046e+00
5.728019045535411635e+00
5.719010408406640877e+00
5.710216625177680250e+00
5.701636166062894695e+00
5.693267511908691958e+00
5.685109154309289536e+00
5.677159595708437756e+00
5.669417349487662072e+00
5.661880940041745802e+00
5.654548902842027047e+00
5.647419784488046268e+00
5.640492142748139592e+00
5.633764546589462796e+00
5.627235577361817676e+00
5.620903824142279070e+00
5.614767890750179014e+00
5.608826391053206351e+00
5.603077950125539886e+00
5.597521204223724567e+00
5.592154800754918220e+00
5.586977398237743309e+00
5.581987666256074121e+00
5.577184285406096009e+00
5.572565947236827633e+00
5.568131354184386872e+00
5.563879219500307727e+00
5.559808267174011220e+00
5.555917231849698545e+00
5.552204858737925797e+00
5.548669904651346130e+00
5.545311133378971746e+00
5.542127322387126576e+00
5.539117258165359381e+00
5.536279737252376876e+00
5.533613566118507521e+00
5.531117561043877195e+00
5.528790547992508131e+00
5.526631362481966292e+00
5.524638849449003075e+00
5.522811863111154906e+00
5.521149266824351365e+00
5.519649932936616210e+00
5.518312742637890622e+00
5.517136585805976878e+00
5.516120360848698390e+00
5.515262974542245900e+00
5.514563341865743595e+00
5.514020386919872507e+00
5.513633038394003982e+00
5.513400235941758432e+00
5.513320925623643731e+00
5.513394060818832543e+00
5.513618602036816974e+00
5.513993516725077093e+00
5.514517779072793502e+00
5.515190369810559545e+00
5.516010276005952839e+00
5.516976490854983872e+00
5.518088013469311548e+00
5.519343848659113760e+00
5.520743006711576584e+00
5.522284503164855529e+00
5.523967358577451137e+00
5.525790598292829259e+00
5.527753252199250511e+00
5.529854354484581513e+00
5.532092944435449411e+00
5.534468061976577147e+00
5.536978753729028924e+00
5.539624068523344214e+00
5.542403058184429909e+00
5.545314777253528504e+00
5.548358282704096922e+00
5.551532633651453885e+00
5.554836891055954240e+00
5.558270117419516154e+00
5.561831376475236510e+00
5.565519732869888436e+00
5.569334251839101135e+00
5.573273998874893387e+00
5.577338039385347557e+00
5.581525438346163881e+00
5.585835259943771725e+00
5.590266567209695836e+00
5.594818421645914697e+00
5.599489882840839705e+00
5.604280009089018577e+00
5.609187852926727835e+00
5.614212466819075154e+00
5.619352898660402218e+00
5.624608192358401482e+00
5.629977387386129628e+00
5.635459518321965788e+00
5.641053614376938974e+00
5.646758698909017049e+00
5.652573788923776377e+00
5.658497894560958308e+00
5.664530018566315661e+00
5.670669155748148782e+00
5.676914292417932550e+00
5.683264405814347775e+00
5.689718463510017088e+00
5.696275422800241017e+00
5.702934230072941091e+00
5.709693820158988409e+00
5.716553115662086348e+00
5.723511026267289914e+00
5.730566449006085250e+00
5.737718263597290758e+00
5.744965337578058495e+00
5.752306521581974863e+00
5.759740649510554533e+00
5.767266537691408956e+00
5.774882984007044584e+00
5.782588766992873275e+00
5.790382644902919651e+00
5.798263354741571618e+00
5.806229611259704271e+00
5.814280105913306684e+00
5.822413505782703780e+00
5.830628452450217658e+00
5.838923560834168747e+00
5.847297417976720979e+00
5.855748581783188911e+00
5.864275579709949504e+00
5.872876907398216773e+00
5.881551027250512931e+00
5.890296366946524920e+00
5.899111317894878859e+00
5.907994233616931545e+00
5.916943428997255339e+00
5.925957174758574197e+00
5.935033701265764350e+00
5.944171192821742444e+00
5.953367786588753319e+00
5.962621570467679710e+00
5.971930580873689109e+00
5.981292800401373455e+00
5.990706155372116370e+00
6.000168513255793812e+00
6.009677679958249641e+00
6.019231396965349035e+00
6.028827338333623054e+00
6.038463107516768957e+00
6.048136234016248558e+00
6.057844169843384918e+00
6.067584285779166642e+00
6.077353867416886324e+00
6.087150110971409234e+00
6.096970118837392150e+00
6.106810894877378715e+00
6.116669339418791651e+00
6.126542243937139531e+00
6.136426285400522040e+00
6.146318020248316749e+00
6.156213878868533662e+00
6.166087791009701391e+00
6.175909675631701568e+00
6.185724446933570597e+00
6.195527974033542051e+00
6.205315960218632299e+00
6.215083933389935922e+00
6.224827235811303261e+00
6.234541013099117457e+00
6.244220202384410001e+00
6.253859519571305370e+00
6.263453445607684245e+00
6.272996211674919387e+00
6.282481783193249569e+00
6.291903842527925228e+00
6.301255770268275214e+00
6.310530624937273458e+00
6.319721120972537243e+00
6.328819604801048548e+00
6.337818028808543502e+00
6.346707922980310279e+00
6.355480363962522361e+00
6.364125941261762343e+00
6.372634720264212405e+00
6.380996201714678406e+00
6.389199277247984199e+00
6.397232180510403765e+00
6.405082433345517856e+00
6.412736786445359272e+00
6.420181153782683836e+00
6.427400540040856924e+00
6.434378960972795269e+00
6.441099350666013024e+00
6.447543466999771766e+00
6.453691777259003004e+00
6.459523334801723138e+00
6.465015639909299949e+00
6.470144483474670416e+00
6.474883770975161212e+00
6.479205323728150390e+00
6.483078653888059151e+00
6.486470708990721867e+00
6.489345581058692858e+00
6.491664174314488278e+00
6.493383824363917256e+00
6.494457860251787729e+00
6.494835098984165889e+00
6.494459259858978761e+00
6.493268283124605134e+00
6.491193533927387627e+00
6.488158867991650425e+00
6.484079529701548772e+00
6.478860845816393876e+00
6.472396668395679953e+00
6.464567507865480955e+00
6.455238280453713173e+00
6.444255571923970471e+00
6.431444289476150544e+00
6.416603532674098886e+00
6.399501457634930723e+00
6.379868829466389002e+00
6.358470293797772399e+00
6.337908474380341772e+00
6.314523317648990997e+00
6.287969605313876720e+00
6.257842559098405033e+00
6.223664017782131630e+00
6.184864489168949930e+00
6.140578255247812756e+00
6.089919269490856379e+00
6.032030988535615812e+00
5.965628524513297393e+00
5.889088411031406345e+00
5.800322461556795872e+00
5.696586419018526470e+00
5.574176774923305544e+00
5.427922863170845602e+00
5.250271645504280826e+00
5.029932960425678168e+00
4.747205822037485312e+00
4.361332394506840515e+00
3.765702908807957883e+00
nan
