nan
6.130650132987873757e-01
5.672432377229239542e-01
5.361820728290319638e-01
5.122873191996932807e-01
4.930391533708758933e-01
4.768884976406960186e-01
4.629042769137844404e-01
4.502917327732641750e-01
4.390199969286716075e-01
4.288744600166937704e-01
4.196562210009463501e-01
4.112195909524391513e-01
4.032401223007816560e-01
3.958269054023479394e-01
3.889564792245222002e-01
3.825643678603464770e-01
3.765968800500727465e-01
3.709935375939403812e-01
3.655679753850095137e-01
3.604838655735598252e-01
3.557087665866029980e-01
3.512145086967420893e-01
3.469764791948144467e-01
3.429730511952076011e-01
3.391851230114937277e-01
3.355957434598835776e-01
3.321898034380423304e-01
3.285210656840694132e-01
3.251517742414531398e-01
3.219530695430142808e-01
3.189126100696378918e-01
3.160192748612138947e-01
3.132630115217980293e-01
3.106347068519381693e-01
3.081260762155500488e-01
3.057295685051868439e-01
3.034382841613070259e-01
3.012459041547433380e-01
2.991466283237185775e-01
2.971099340635099395e-01
2.950720997884460628e-01
2.931085960435613202e-01
2.912155893297435627e-01
2.893895193260015986e-01
2.876270741848037660e-01
2.859251685303639268e-01
2.842809238085698409e-01
2.826916506952603103e-01
2.811548333115388987e-01
2.796681150297102847e-01
2.782292856827162097e-01
2.768362700045585711e-01
2.754871172243112398e-01
2.741799915329828363e-01
2.729131635270703460e-01
2.716251557722003662e-01
2.703565175414798238e-01
2.691231945933235670e-01
2.679238623647052231e-01
2.667572663237335884e-01
2.656222173098455874e-01
2.645175871774959608e-01
2.634423048607237305e-01
2.623953527110579609e-01
2.613757631262481063e-01
2.603826154362888778e-01
2.594150330237450786e-01
2.584721806576102954e-01
2.575532620221242519e-01
2.566584685779691455e-01
2.557874838015853913e-01
2.549382499646759004e-01
2.541101044648499396e-01
2.533024137107381391e-01
2.525145714663588059e-01
2.517459973887881119e-01
2.509961356210677064e-01
2.502644534846050761e-01
2.495504402554774848e-01
2.488536060183175747e-01
2.481734805919253717e-01
2.475096125214307219e-01
2.468615681320871502e-01
2.462289306402512257e-01
2.456112993080845630e-01
2.449961061658982309e-01
2.443701124149768034e-01
2.437582094129362442e-01
2.431600572254300208e-01
2.425753282755104268e-01
2.420037067687680621e-01
2.414448881501228550e-01
2.408985785902494348e-01
2.403644944915246939e-01
2.398423620609947959e-01
2.393319168255708673e-01
2.388329032521977202e-01
2.383450743483682133e-01
2.378681912909713925e-01
2.374020230740490067e-01
2.369463461743316623e-01
2.365009442335037071e-01
2.360656077562087451e-01
2.356401338228903686e-01
2.352243258166157314e-01
2.348179931542064558e-01
2.344209510742975011e-01
2.340330203480625038e-01
2.336540270901860117e-01
2.332838025357245049e-01
2.329221828358091217e-01
2.325690088627323793e-01
2.322241260239157612e-01
2.318873840842917422e-01
2.315586369966528557e-01
2.312377427395678475e-01
2.309245631624488315e-01
2.306189638277575671e-01
2.303208139080404615e-01
2.300299859923038981e-01
2.297463559950436718e-01
2.294698030223777663e-01
2.292002092531349455e-01
2.289374598249540593e-01
2.286814427251492865e-01
2.284320486861166066e-01
2.281891710850498800e-01
2.279527058478237334e-01
2.277225513567612825e-01
2.275032089035653460e-01
2.272972229363451613e-01
2.270971177092336313e-01
2.269028004965504275e-01
2.267141806421097139e-01
2.265311694752295546e-01
2.263536802410490156e-01
2.261816280336082230e-01
2.260149297315328099e-01
2.258535039362217778e-01
2.256972709124288878e-01
2.255461525311384108e-01
2.254000722146401181e-01
2.252589548837017341e-01
2.251227269067868630e-01
2.249913160387322364e-01
2.248646514235390637e-01
2.247426634744355556e-01
2.246252838801980345e-01
2.245124455508269168e-01
2.244040825772666281e-01
2.243001301926451918e-01
2.242005247349779240e-01
2.241052036112782531e-01
2.240141052630229557e-01
2.239271691329243197e-01
2.238443356329594680e-01
2.237655461136117407e-01
2.236907428342830850e-01
2.236198689348342927e-01
2.235528683946186868e-01
2.234896860605691538e-01
2.234302675402732030e-01
2.233745592320910966e-01
2.233225082881785672e-01
2.232740625920630884e-01
2.232291707370832601e-01
2.231877820057168726e-01
2.231498463497431084e-01
2.231153143712222009e-01
2.230841373042679043e-01
2.230562669975915124e-01
2.230316558977962216e-01
2.230102570334022982e-01
2.229920239995850095e-01
2.229769109436072483e-01
2.229648725360117989e-01
2.229558640170793971e-01
2.229498410947105269e-01
2.229467599921871324e-01
2.229465774219235308e-01
2.229492505747565911e-01
2.229547371098352659e-01
2.229629951450992631e-01
2.229739832483382533e-01
2.229876604288210384e-01
2.230039861294899062e-01
2.230229202197101801e-01
2.230444229885700236e-01
2.230684551387246417e-01
2.230949777807809953e-01
2.231239524282154774e-01
2.231553409763920026e-01
2.231891057642807208e-01
2.232252094723424785e-01
2.232636151853127915e-01
2.233042863733160632e-01
2.233471868899425394e-01
2.233922809708506485e-01
2.234395332328887596e-01
2.234889086737482100e-01
2.235403726721418571e-01
2.235938909885144543e-01
2.236494297662869335e-01
2.237069555336386184e-01
2.237664352058326422e-01
2.238278360880888995e-01
2.238911258790118597e-01
2.239562726745773780e-01
2.240232449726880515e-01
2.240920116601672618e-01
2.241625420910239308e-01
2.242348059839235352e-01
2.243087735016611184e-01
2.243844152405398418e-01
2.244617022385188843e-01
2.245406059839934743e-01
2.246210984252267895e-01
2.247031519804405519e-01
2.247867395485834974e-01
2.248718345207887659e-01
2.249584107925371168e-01
2.250464427765439812e-01
2.251359054163831475e-01
2.252267742008703388e-01
2.253190251792213938e-01
2.254126349770067816e-01
2.255075808129217152e-01
2.256038405163969252e-01
2.257013925260452913e-01
2.258002159891084326e-01
2.259002906615691919e-01
2.260015970094557958e-01
2.261041162109713454e-01
2.262078301796393576e-01
2.263127215884703503e-01
2.264187738951736195e-01
2.265259713684510956e-01
2.266342991154037256e-01
2.267437431100844669e-01
2.268542902232351388e-01
2.269659282532437150e-01
2.270786459583598871e-01
2.271924330902106715e-01
2.273072804286597470e-01
2.274231798180496589e-01
2.275401242048787909e-01
2.276581076769573775e-01
2.277771255040928200e-01
2.278971741583216415e-01
2.280182514459702103e-01
2.281403564209990020e-01
2.282634895205348236e-01
2.283876525919879552e-01
2.285128489440983179e-01
2.286390833999283334e-01
2.287663623518749745e-01
2.288946938187756408e-01
2.290240875051850755e-01
2.291545548629043139e-01
2.292861091548487606e-01
2.294187655213451305e-01
2.295525410489488716e-01
2.296874548418848527e-01
2.298235280962128702e-01
2.299607841768278038e-01
2.300992486974083595e-01
2.302389496034397964e-01
2.303799172584312382e-01
2.305221845334688435e-01
2.306657868761651520e-01
2.308107625036414368e-01
2.309571523584265373e-01
2.311050003092195437e-01
2.312543532352977216e-01
2.314052611393371817e-01
2.315577772647453847e-01
2.317119582177142312e-01
2.318678640942152813e-01
2.320255586121758029e-01
2.321851092490838653e-01
2.323465873852905983e-01
2.325100684532909745e-01
2.326756320932882871e-01
2.328433623153591536e-01
2.330133476685649907e-01
2.331856814173723369e-01
2.333604617257740432e-01
2.335377918495255001e-01
2.337177803369400453e-01
2.339005412387231975e-01
2.340861943273488399e-01
2.342748653265271652e-01
2.344666861253862644e-01
2.346617951337954255e-01
2.348603373898971169e-01
2.350624649401819866e-01
2.352683371030693804e-01
2.354781207727976444e-01
2.356919907385179314e-01
2.359101300195610706e-01
2.361327302179221099e-01
2.363599918890840479e-01
2.365921249323996445e-01
2.368293490023400394e-01
2.370718939420322913e-01
2.373200002406160580e-01
2.375739195160853079e-01
2.378339150254142054e-01
2.381002622039187777e-01
2.383732492359756094e-01
2.386531776593988075e-01
2.389403630059776795e-01
2.392351354808992525e-01
2.395378406840203145e-01
2.398488403762223387e-01
2.401685132943763012e-01
2.404972560187684794e-01
2.408354838696370459e-01
2.411862862041616595e-01
2.415532585715918501e-01
2.419310876074271255e-01
2.423202715530605178e-01
2.427213329970191180e-01
2.431348202479810539e-01
2.435613088072335064e-01
2.440014029494159686e-01
2.444557374213107981e-01
2.449249792694651040e-01
2.454098298085851393e-01
2.459110267439259812e-01
2.464293464623546759e-01
2.469656065083888352e-01
2.475206682633586952e-01
2.480954398479076062e-01
2.486908792703984850e-01
2.493079978464538549e-01
2.499478639178707162e-01
2.506116069025970394e-01
2.513004217113616323e-01
2.520155735710253864e-01
2.527584032998412833e-01
2.535303330856736315e-01
2.543328728249857340e-01
2.551676270881683695e-01
2.560363027857760487e-01
2.569407176206306986e-01
2.578828094228329815e-01
2.588646464787754953e-01
2.598884389529321770e-01
2.609565517215475805e-01
2.620715183565229811e-01
2.632360570299804303e-01
2.644530881358234109e-01
2.657257540651804528e-01
2.670574414158337073e-01
2.684518059973993731e-01
2.699128010574815550e-01
2.714447092304257403e-01
2.730521788026382679e-01
2.747402650005525415e-01
2.765144771440899429e-01
2.783808326760574547e-01
2.803459192844015013e-01
2.824169665899328163e-01
2.846019291905918513e-01
2.869095832523018696e-01
2.893496393394467403e-01
2.919328748163837473e-01
2.946712899673004094e-01
2.975782930323744857e-01
3.006689207219614968e-01
3.039601025559454106e-01
3.074709797339514883e-01
3.112232923890067005e-01
3.152418533196154060e-01
3.195551320804156936e-01
3.241959812981024536e-01
3.292025482533021963e-01
3.344729176479017130e-01
3.396543711478857142e-01
3.452447630311790694e-01
3.512932458334098729e-01
3.578574440597016570e-01
3.650054171026526628e-01
3.728182076450388127e-01
3.814180836981534428e-01
3.909309675985028765e-01
4.014795592439760474e-01
4.132464949815956023e-01
4.264624477061456642e-01
4.414239894823508426e-01
4.585206709148909598e-01
4.782778982079411989e-01
5.014287108391307646e-01
5.290430259499366850e-01
5.627189957002038945e-01
6.052412915751446132e-01
6.623639975934164648e-01
7.491275010055615802e-01
nan
