nan
1.023713798569895195e-01
9.798171160446228489e-02
9.409729768626559632e-02
9.067781554003961908e-02
8.758143643056276462e-02
8.474262745529467789e-02
8.211359228569950486e-02
7.961828296435694008e-02
7.727791167463479716e-02
7.507499636122103026e-02
7.299384854425383651e-02
7.102145610895627126e-02
6.912666195291640447e-02
6.731964254750932852e-02
6.559758851996198847e-02
6.395357595953660157e-02
6.238160741116023644e-02
6.087459764400621198e-02
5.941029918690823863e-02
5.800830544584657800e-02
5.666436371524706528e-02
5.537466608358639075e-02
5.413578363202766613e-02
5.294461259720838198e-02
5.179833081977516102e-02
5.069436215287398406e-02
4.963034570865945683e-02
4.864800126359056232e-02
4.768498233226211441e-02
4.675207477987298327e-02
4.584808214926315573e-02
4.497185246019556881e-02
4.412227934065774543e-02
4.329830224759629448e-02
4.249890603143057638e-02
4.172312003973364936e-02
4.097001690027270160e-02
4.023871100201727169e-02
3.952835728668017967e-02
3.883586628576607414e-02
3.815519588311097610e-02
3.749290897732004968e-02
3.684835021515048270e-02
3.622089207239734265e-02
3.560993358285624577e-02
3.501489917499164828e-02
3.443523753936789805e-02
3.387042052902199812e-02
3.331994209773350007e-02
3.278331727933096740e-02
3.226008120821160369e-02
3.174978809195790758e-02
3.125201067527871163e-02
3.076633884507085082e-02
3.029237917709524247e-02
2.982564474916807318e-02
2.936872568149824156e-02
2.892247816809811675e-02
2.848657270281687581e-02
2.806069226066886663e-02
2.764453209816060061e-02
2.723779868058560580e-02
2.684020953788373090e-02
2.645149269162244687e-02
2.607138619687116715e-02
2.569963770592282107e-02
2.533600405352885721e-02
2.498025086182300430e-02
2.463215216430165999e-02
2.429149493640428079e-02
2.395807099209463359e-02
2.363167043459833000e-02
2.331209740161432897e-02
2.299916308971395457e-02
2.269268493638514766e-02
2.239248671195913365e-02
2.209839817501298154e-02
2.181025482963785261e-02
2.152789769399089670e-02
2.125117307969951602e-02
2.097993238089871162e-02
2.071403187353108161e-02
2.045333252365727147e-02
2.019769980423669412e-02
1.994700343115830138e-02
1.970027687882650036e-02
1.945653649599340951e-02
1.921741930727632539e-02
1.898281033055258110e-02
1.875259813129886641e-02
1.852667469202694608e-02
1.830493528687410915e-02
1.808727836151968055e-02
1.787360532861746384e-02
1.766382081632091039e-02
1.745783202329343614e-02
1.725554897785403635e-02
1.705688435066110911e-02
1.686175336162452562e-02
1.667007369063441824e-02
1.648176539192641732e-02
1.629675081193461203e-02
1.611495451037579449e-02
1.593630318450886194e-02
1.576072559640965751e-02
1.558815241414600837e-02
1.541851650216505276e-02
1.525175231904189570e-02
1.508779621493112032e-02
1.492658628195619834e-02
1.476806229694385686e-02
1.461216566635093264e-02
1.445883937328847416e-02
1.430802792655258039e-02
1.415967731155126988e-02
1.401373494316605038e-02
1.387014962023386602e-02
1.372887139235022189e-02
1.358985187628576272e-02
1.345304367638802331e-02
1.331840070556435454e-02
1.318587805736257806e-02
1.305543196963450392e-02
1.292701978950576598e-02
1.280059993959882340e-02
1.267613188545793808e-02
1.255357610400481723e-02
1.243289405350503883e-02
1.231404814421457015e-02
1.219709802013011109e-02
1.208205980055275172e-02
1.196874288669462841e-02
1.185711327844705780e-02
1.174713788472446507e-02
1.163878440934809459e-02
1.153202132796438129e-02
1.142681786597091187e-02
1.132314397710811223e-02
1.122097032277306373e-02
1.112026825201108474e-02
1.102100978218038471e-02
1.092316758025299421e-02
1.082671494468082259e-02
1.073162578803465994e-02
1.063787453038206494e-02
1.054543644192989030e-02
1.045428708769217778e-02
1.036440267247654839e-02
1.027575993578628936e-02
1.018833613744275952e-02
1.010210904366288208e-02
1.001705691357521189e-02
9.933158486158947392e-03
9.850392967590691079e-03
9.768740018984463022e-03
9.688179744511117575e-03
9.608692679883729451e-03
9.530259781196114000e-03
9.452862414102210231e-03
9.376482253801341274e-03
9.301101633573912938e-03
9.226702995916649316e-03
9.153269242925622662e-03
9.080783636841838202e-03
9.009229791131298168e-03
8.938591661646112102e-03
8.868853538174573808e-03
8.800000036206775955e-03
8.732016088941259302e-03
8.664886939524758455e-03
8.598598133517317693e-03
8.533135511575397347e-03
8.468485202345795923e-03
8.404633615563589580e-03
8.341567435347406814e-03
8.279273524267384901e-03
8.217739275268060029e-03
8.156952067267710799e-03
8.096899618601818491e-03
8.037569891211753317e-03
7.978951084998568699e-03
7.921031632334204348e-03
7.863800192725227053e-03
7.807245647624379455e-03
7.751357095385375331e-03
7.696123846356523954e-03
7.641535418108978510e-03
7.587581530795493856e-03
7.534252102635793057e-03
7.481537245524654337e-03
7.429427260759151851e-03
7.377912545023475495e-03
7.326983946324358739e-03
7.276632219255920603e-03
7.226848382257520902e-03
7.177623623468788044e-03
7.128949297111051783e-03
7.080816919957748194e-03
7.033218167884463211e-03
6.986144872528840533e-03
6.939589018033245384e-03
6.893542737873787143e-03
6.847998311773205449e-03
6.802948162695366362e-03
6.758384853919151627e-03
6.714301086189502360e-03
6.670689694943615286e-03
6.627543647610241104e-03
6.584856040980145535e-03
6.542620008878615584e-03
6.500829079255916569e-03
6.459476631609523817e-03
6.418556255242093694e-03
6.378061656674773559e-03
6.337986657407477728e-03
6.298325191738543896e-03
6.259071304642234782e-03
6.220219149702692005e-03
6.181762987102989992e-03
6.143697181667987992e-03
6.106016200959678286e-03
6.068714613423825850e-03
6.031787086586724161e-03
5.995228385300949148e-03
5.959033370038964612e-03
5.923196995233593817e-03
5.887714307664292969e-03
5.852580444888254296e-03
5.817790543969702383e-03
5.783340099464615892e-03
5.749224422051149933e-03
5.715438997573487993e-03
5.681979395450192753e-03
5.648841267355909912e-03
5.616020345942067740e-03
5.583512443595867181e-03
5.551313451236935398e-03
5.519419337150910723e-03
5.487826145859429905e-03
5.456529997025914847e-03
5.425527084396546476e-03
5.394813674775992933e-03
5.364386107037299664e-03
5.334240791165537239e-03
5.304374207334726365e-03
5.274782905017628976e-03
5.245463502128011601e-03
5.216412684195021084e-03
5.187627113766834705e-03
5.159103789314488722e-03
5.130839504313231686e-03
5.102831207128255900e-03
5.075075910082603101e-03
5.047570688817911919e-03
5.020312681685475294e-03
4.993299089167381466e-03
4.966527173327630988e-03
4.939994257293151697e-03
4.913697724764571999e-03
4.887635019556749866e-03
4.861803645169047138e-03
4.836201164385310093e-03
4.810825198903592725e-03
4.785673428995769300e-03
4.760743593197022325e-03
4.736033488025407148e-03
4.711540967731651930e-03
4.687263944079342153e-03
4.663200386155795865e-03
4.639348230265471357e-03
4.615705740027239469e-03
4.592270965292919241e-03
4.569042103176461020e-03
4.546017407640315020e-03
4.523195189497226758e-03
4.500573816445420719e-03
4.478151713137748166e-03
4.455927361285471310e-03
4.433899299797280577e-03
4.412066124954390663e-03
4.390426490622443070e-03
4.368979108501131955e-03
4.347722748412470931e-03
4.326656238628737335e-03
4.305778466241184238e-03
4.285088377570672041e-03
4.264584978621527647e-03
4.244267335579986027e-03
4.224134575358636651e-03
4.204185886188509767e-03
4.184420518260424486e-03
4.164837784417455696e-03
4.145436971069865750e-03
4.126217698718674665e-03
4.107179382624865684e-03
4.088321594257908302e-03
4.069643972041197925e-03
4.051146222397017729e-03
4.032828120859458312e-03
4.014689513258411571e-03
3.996730316978043193e-03
3.978950522293300818e-03
3.961350193788362728e-03
3.943929471861132297e-03
3.926688574318240761e-03
3.909627798065271574e-03
3.892747520897333734e-03
3.876048203395413352e-03
3.859530390934364213e-03
3.843194715808796649e-03
3.827041899483576374e-03
3.811072754976156662e-03
3.795288189378445611e-03
3.779689206527096779e-03
3.764276909828060107e-03
3.749052505251070262e-03
3.734017304499627835e-03
3.719172638591262091e-03
3.704527698906654766e-03
3.690092367826330877e-03
3.675851823710803504e-03
3.661807948943649783e-03
3.647962754686424718e-03
3.634318385617466007e-03
3.620877124959474402e-03
3.607641399814960192e-03
3.594613786829993930e-03
3.581797018208101105e-03
3.569193988097678349e-03
3.556807759377909016e-03
3.544641570869845170e-03
3.532698845001099822e-03
3.520983195954445477e-03
3.509498438332484677e-03
3.498248596372561386e-03
3.487237913748057923e-03
3.476470863994159371e-03
3.465952161598147199e-03
3.455686773796118674e-03
3.445679933119661503e-03
3.435937150737449017e-03
3.426464230637718718e-03
3.417267284698067946e-03
3.408352748688730713e-03
3.399727399254137521e-03
3.391398371914951856e-03
3.383373180128216012e-03
3.375659735436385873e-03
3.368266278854376190e-03
3.361201762957552464e-03
3.354475335443339763e-03
3.348096723853763879e-03
3.342076171001844009e-03
3.336424461370214329e-03
3.331152948192132434e-03
3.326273580947463563e-03
3.321798932897453236e-03
3.317742228139086008e-03
3.314117367471930160e-03
3.310938952123342223e-03
3.308222304052775131e-03
3.305983481127323931e-03
3.304239284894038096e-03
3.303007257923443185e-03
3.302305666699365157e-03
3.302153464695112197e-03
3.302570228484099160e-03
3.303576057315270494e-03
3.305191423302616342e-03
3.307436954895647332e-03
3.310333130119754320e-03
3.313899847652330196e-03
3.318155831544385582e-03
3.323117809003146590e-03
3.328799376331857511e-03
3.335209433724497727e-03
3.342350019261551130e-03
3.350213298145816084e-03
3.359612732712461986e-03
3.372884871726632323e-03
3.387552370311501786e-03
3.403709168918306847e-03
3.421456437823368942e-03
3.440902550508362443e-03
3.462162083129661973e-03
3.485277969181527300e-03
3.510321475551883737e-03
3.537456877195048824e-03
3.566757906887281244e-03
3.598252731238094949e-03
3.631882184045793268e-03
3.667422884607056052e-03
3.704336115678745576e-03
3.741452361242454932e-03
3.776243300826215375e-03
3.804278017136325692e-03
3.813101490691521434e-03
3.755393180975654267e-03
3.373752595804469824e-03
nan
