nan
1.225455037659162905e+01
1.357731371728368153e+01
1.442586244101667425e+01
1.504166899101324262e+01
1.550730746850527453e+01
1.587270177246296399e+01
1.616782166484586725e+01
1.641803339982293153e+01
1.662502248044568987e+01
1.679603730823345487e+01
1.693761912295027372e+01
1.705460106364057182e+01
1.715677344755621192e+01
1.724136728539379604e+01
1.730941901511824454e+01
1.736307921978279367e+01
1.740413840532295353e+01
1.743452927862097113e+01
1.745961951304602877e+01
1.747500244665284796e+01
1.748175288674795169e+01
1.748080194205227755e+01
1.747296098761118799e+01
1.745894084262546997e+01
1.743936724324516874e+01
1.741479343553049119e+01
1.738571056441495699e+01
1.736239038425686587e+01
1.733208978543635226e+01
1.729786119812479228e+01
1.726008331185281364e+01
1.721909590147919289e+01
1.717520465517959138e+01
1.712868528875461038e+01
1.707978706853969086e+01
1.702873584137564578e+01
1.697573665165527146e+01
1.692097601260921635e+01
1.686462387389885365e+01
1.680743852607341537e+01
1.675095094560370157e+01
1.669336217378821985e+01
1.663478131264679050e+01
1.657530872093998653e+01
1.651503681718849847e+01
1.645405079430021544e+01
1.639242925838414777e+01
1.633024480116252519e+01
1.626756451398872727e+01
1.620445045038002618e+01
1.614096004307517873e+01
1.607714648253298151e+01
1.601305905101529348e+01
1.594874344216222717e+01
1.588424203483024755e+01
1.582088896439207382e+01
1.575779372501394704e+01
1.569461177291907816e+01
1.563137362055966229e+01
1.556810763847713197e+01
1.550484020261220941e+01
1.544159584525607265e+01
1.537839737837347442e+01
1.531526601477584570e+01
1.525222147827081365e+01
1.518928210528950018e+01
1.512646493873629971e+01
1.506378581475617828e+01
1.500125944302590497e+01
1.493888115235953151e+01
1.487665605390640344e+01
1.481462233166233311e+01
1.475279088634734492e+01
1.469117180866425443e+01
1.462977444007447403e+01
1.456860741439435536e+01
1.450767870394009229e+01
1.444699566107810895e+01
1.438656505698160082e+01
1.432639311780229185e+01
1.426648555846229272e+01
1.420684761422327647e+01
1.414748407020839238e+01
1.408839928902683525e+01
1.402959723812974957e+01
1.397130918156232937e+01
1.391377428693364138e+01
1.385652140950988098e+01
1.379955322845790633e+01
1.374287213577578193e+01
1.368648025358805853e+01
1.363037945040213295e+01
1.357457135638779633e+01
1.351905737917616968e+01
1.346383871163415158e+01
1.340891635321769648e+01
1.335429111616723041e+01
1.329996363822602845e+01
1.324593439325654387e+01
1.319220370124249087e+01
1.313877173771508211e+01
1.308563854263860904e+01
1.303280402879006772e+01
1.298026798966223616e+01
1.292803010691925358e+01
1.287608995880567697e+01
1.282444702126144698e+01
1.277310068250615060e+01
1.272205024339399415e+01
1.267129492439615390e+01
1.262083387087801789e+01
1.257066615808397714e+01
1.252079079584654231e+01
1.247120673303565752e+01
1.242191286176319842e+01
1.237290802135484213e+01
1.232419100210583274e+01
1.227576055016438161e+01
1.222761536553087147e+01
1.217975411328351854e+01
1.213217542118973391e+01
1.208487788388909046e+01
1.203786006557099064e+01
1.199112050250562689e+01
1.194465770543622796e+01
1.189847016184010542e+01
1.185255633806720788e+01
1.180691468135536759e+01
1.176154362173976686e+01
1.171637264295362435e+01
1.167136156484848364e+01
1.162661977309964456e+01
1.158214560718163177e+01
1.153793739656572903e+01
1.149399346339129124e+01
1.145031212374309249e+01
1.140689168885286620e+01
1.136373046623312355e+01
1.132082676074570848e+01
1.127817887560868826e+01
1.123578511334434893e+01
1.119364377667162813e+01
1.115175316934630700e+01
1.111011159694859352e+01
1.106871736888350632e+01
1.102756879403698775e+01
1.098666418900878128e+01
1.094600187366007482e+01
1.090558017295744975e+01
1.086539741751053256e+01
1.082545194407484601e+01
1.078574209602146361e+01
1.074626622377523510e+01
1.070702268522309630e+01
1.066800984609396075e+01
1.062922608031160188e+01
1.059066977032188994e+01
1.055233930739562354e+01
1.051423309190816724e+01
1.047634953480679343e+01
1.043868705299695243e+01
1.040124407685153862e+01
1.036401904553542863e+01
1.032701040840665740e+01
1.029021662517769542e+01
1.025363616606291117e+01
1.021726751190870885e+01
1.018110915430930596e+01
1.014515959570845460e+01
1.010941734948767845e+01
1.007388094004176438e+01
1.003854890284204338e+01
1.000341978448806302e+01
9.968492142748157647e+00
9.933764546589481270e+00
9.899235577361835681e+00
9.864903824142295719e+00
9.830767890750196969e+00
9.796826391053224725e+00
9.763077950125557791e+00
9.729521204223742004e+00
9.696154800754936076e+00
9.662977398237762472e+00
9.629987666256091927e+00
9.597184285406113347e+00
9.564565947236845389e+00
9.532131354184405936e+00
9.499879219500327210e+00
9.467808267174028458e+00
9.435917231849717979e+00
9.404204858737944761e+00
9.372669904651365513e+00
9.341311133378990661e+00
9.310127322387145909e+00
9.279117258165380022e+00
9.248279737252396160e+00
9.217613566118526336e+00
9.187117561043896430e+00
9.156790547992528673e+00
9.126631362481987253e+00
9.096638849449021791e+00
9.066811863111174929e+00
9.037149266824371807e+00
9.007649932936637072e+00
8.978312742637911015e+00
8.949136585805996802e+00
8.920120360848718732e+00
8.891262974542266662e+00
8.862563341865763888e+00
8.834020386919892331e+00
8.805633038394026002e+00
8.777400235941779982e+00
8.749320925623663925e+00
8.721394060818854044e+00
8.693618602036838894e+00
8.665993516725098544e+00
8.638517779072815372e+00
8.611190369810580947e+00
8.584010276005974660e+00
8.556976490855005224e+00
8.530088013469333319e+00
8.503343848659136839e+00
8.476743006711599193e+00
8.450284503164878558e+00
8.423967358577472808e+00
8.397790598292850461e+00
8.371753252199273021e+00
8.345854354484604443e+00
8.320092944435472759e+00
8.294468061976601803e+00
8.268978753729051334e+00
8.243624068523367043e+00
8.218403058184453158e+00
8.193314777253551284e+00
8.168358282704121009e+00
8.143532633651476615e+00
8.118836891055977389e+00
8.094270117419540611e+00
8.069831376475260498e+00
8.045519732869912843e+00
8.021334251839125074e+00
7.997273998874915968e+00
7.973338039385371445e+00
7.949525438346188189e+00
7.925835259943795563e+00
7.902266567209721870e+00
7.878818421645940262e+00
7.855489882840863913e+00
7.832280009089042316e+00
7.809187852926751994e+00
7.786212466819100619e+00
7.763352898660427215e+00
7.740608192358426898e+00
7.717977387386156352e+00
7.695459518321991155e+00
7.673053614376963871e+00
7.650758698909042366e+00
7.628573788923802113e+00
7.606497894560985351e+00
7.584530018566341347e+00
7.562669155748173999e+00
7.540914292417959075e+00
7.519264405814374719e+00
7.497718463510043563e+00
7.476275422800266135e+00
7.454934230072965740e+00
7.433693820159015253e+00
7.412553115662112724e+00
7.391511026267316709e+00
7.370566449006113352e+00
7.349718263597318391e+00
7.328965337578084771e+00
7.308306521582001558e+00
7.287740649510580759e+00
7.267266537691437378e+00
7.246882984007072537e+00
7.226588766992899870e+00
7.206382644902947554e+00
7.186263354741599052e+00
7.166229611259732124e+00
7.146280105913334957e+00
7.126413505782731583e+00
7.106628452450246769e+00
7.086923560834196500e+00
7.067297417976749152e+00
7.047748581783218391e+00
7.028275579709978516e+00
7.008876907398246203e+00
6.989551027250540116e+00
6.970296366946552524e+00
6.951111317894907771e+00
6.931994233616960877e+00
6.912943428997284201e+00
6.893957174758604367e+00
6.875033701265794939e+00
6.856171192821771676e+00
6.837367786588782081e+00
6.818621570467708892e+00
6.799930580873719599e+00
6.781292800401403476e+00
6.762706155372145034e+00
6.744168513255824671e+00
6.725677679958280031e+00
6.707231396965378956e+00
6.688827338333653394e+00
6.670463107516797940e+00
6.652136234016278848e+00
6.633844169843414740e+00
6.615584285779196883e+00
6.597353867416917872e+00
6.579150110971441201e+00
6.560970118837423648e+00
6.542810894877408856e+00
6.524669339418822211e+00
6.506542243937171399e+00
6.488426285400553439e+00
6.470318020248348567e+00
6.452213878868566788e+00
6.434087791009733159e+00
6.415909675631732867e+00
6.397724446933602316e+00
6.379527974033573301e+00
6.361315960218664856e+00
6.343083933389968898e+00
6.324827235811334880e+00
6.306541013099150383e+00
6.288220202384442459e+00
6.269859519571338247e+00
6.251453445607716652e+00
6.232996211674950437e+00
6.214481783193282816e+00
6.195903842527958005e+00
6.177255770268308410e+00
6.158530624937307962e+00
6.139721120972571278e+00
6.120819604801081226e+00
6.101818028808576599e+00
6.082707922980342907e+00
6.063480363962556297e+00
6.044125941261796697e+00
6.024634720264246290e+00
6.004996201714714488e+00
5.985199277248018035e+00
5.965232180510438020e+00
5.945082433345551642e+00
5.924736786445393477e+00
5.904181153782719349e+00
5.883400540040891080e+00
5.862378960972828956e+00
5.841099350666048018e+00
5.819543466999807180e+00
5.797691777259037949e+00
5.775523334801758502e+00
5.753015639909333956e+00
5.730144483474705730e+00
5.706883770975196946e+00
5.683205323728185654e+00
5.659078653888095722e+00
5.634470708990758858e+00
5.609345581058728492e+00
5.583664174314523443e+00
5.557383824363951952e+00
5.530457860251824620e+00
5.502835098984202311e+00
5.474459259859013827e+00
5.445268283124643283e+00
5.415193533927424419e+00
5.384158867991686748e+00
5.352079529701585514e+00
5.318860845816430150e+00
5.284396668395717533e+00
5.248567507865517179e+00
5.211238280453749816e+00
5.172255571924008422e+00
5.131444289476188025e+00
5.088603532674136787e+00
5.043501457634967267e+00
4.995868829466425076e+00
4.946470293797809781e+00
4.897908474380379573e+00
4.846523317649028328e+00
4.791969605313916247e+00
4.733842559098444092e+00
4.671664017782169331e+00
4.604864489168988051e+00
4.532578255247850407e+00
4.453919269490895338e+00
4.368030988535655190e+00
4.273628524513335414e+00
4.169088411031445673e+00
4.052322461556834732e+00
3.920586419018565305e+00
3.770176774923344798e+00
3.595922863170882611e+00
3.390271645504320919e+00
3.141932960425716903e+00
2.831205822037524467e+00
2.417332394506880977e+00
1.793702908807998542e+00
nan
