5.099877874587775972e-01
5.118642072300447765e-01
5.156440971381798244e-01
5.210290568784496923e-01
5.263981304779141723e-01
5.317511477516289053e-01
5.369054887382467278e-01
5.416116700538274875e-01
5.463039758301559967e-01
5.509822131938332257e-01
5.556461938671587442e-01
5.601993836406560234e-01
5.646883127916701994e-01
5.691630897954464974e-01
5.736235365049325852e-01
5.780694790985368980e-01
5.821403271226233134e-01
5.859007616298936849e-01
5.896494394840497977e-01
5.933861831317163160e-01
5.971108193872971537e-01
6.008231793041353130e-01
6.054332374942340556e-01
6.105315279600531664e-01
6.156105759627820140e-01
6.206702960936375524e-01
6.257106065428137409e-01
6.307314291208643287e-01
6.386906684272974921e-01
6.467341874613209418e-01
6.551146617168719377e-01
6.637356369049389748e-01
6.721631281501799782e-01
6.789683564609462207e-01
6.857557070783723008e-01
6.929024739973059788e-01
7.009898488557292362e-01
7.090718691699730014e-01
7.153752597966670512e-01
7.208347837882613796e-01
7.262750196827304494e-01
7.305142920656475525e-01
7.328465781901237763e-01
7.342243563686775554e-01
7.341785721991200830e-01
7.341385440691650111e-01
7.341042477299242197e-01
7.340038171538535439e-01
7.336961103738506296e-01
7.333950369476255338e-01
7.331005949417468415e-01
7.328127808982606295e-01
7.325315895125135146e-01
7.322570137975386029e-01
7.319890451461095182e-01
7.316213644265977534e-01
7.309691992742815003e-01
7.303249731894349006e-01
7.296887098148377993e-01
7.290604301250160901e-01
7.284401531444912870e-01
7.278278955859320831e-01
7.272236720274747324e-01
7.266274949784315984e-01
7.260393749426871102e-01
7.253513017684338759e-01
7.245770759785420401e-01
7.238116404289418604e-01
7.230550183486912363e-01
7.223072307597329100e-01
7.215682965362412160e-01
7.208382324641016137e-01
7.201170532971338245e-01
7.194047718114116030e-01
7.187013988578154766e-01
7.180069435251106302e-01
7.173222904316398640e-01
7.166510886281027837e-01
7.159887959334645391e-01
7.153354138348375635e-01
7.146909421825348163e-01
7.140553792311035153e-01
7.134287216782710939e-01
7.128109647026827922e-01
7.122021020005058212e-01
7.116021258207224642e-01
7.110110271101796053e-01
7.104287951016521330e-01
7.098554180147825798e-01
7.092908826397028577e-01
7.087256224523291737e-01
7.080928744458528934e-01
7.074694161982741925e-01
7.068552361871837109e-01
7.062503215513581400e-01
7.056546582313025784e-01
7.050682305407639516e-01
7.044910218792804768e-01
7.039230142996147910e-01
7.033641886478380068e-01
7.028145245876634695e-01
7.022740006240653088e-01
7.017425941261896671e-01
7.012202813495763687e-01
7.007070374577673011e-01
7.002028365432372281e-01
6.997076517600344658e-01
6.992214548919933881e-01
6.987442170513440409e-01
6.982759082429995656e-01
6.978164974964357059e-01
6.973659528831879229e-01
6.969242415338404717e-01
6.964913296545222066e-01
6.960671825429328718e-01
6.956517646039330760e-01
6.952450393645694948e-01
6.948469694888482762e-01
6.944575169030717809e-01
6.940766423641921978e-01
6.937043061431822366e-01
6.933404675903924730e-01
6.929850852604703126e-01
6.926381169246983438e-01
6.922995195829899640e-01
6.919692494755367296e-01
6.916472620941244154e-01
6.913335121932776550e-01
6.910279538005924538e-01
6.907305402272334582e-01
6.904412240781837573e-01
6.901599573709199520e-01
6.899045155643058758e-01
6.896654288341549366e-01
6.894339389257037043e-01
6.892099941522600304e-01
6.889935422134043641e-01
6.887845302025269456e-01
6.885829046142013521e-01
6.883886113513222327e-01
6.882015957320124500e-01
6.880218024963176138e-01
6.878491758126815681e-01
6.876836592842592299e-01
6.875251959548195346e-01
6.873737284201003606e-01
6.872291984109999419e-01
6.870915474340585360e-01
6.869607163524202864e-01
6.868366454972044677e-01
6.867192746723784769e-01
6.866085431594458610e-01
6.865043897219536007e-01
6.864067526098106553e-01
6.863155695634357567e-01
6.862307778177222373e-01
6.861523141058289976e-01
6.860801146628004998e-01
6.860141152290094579e-01
6.859542510534341053e-01
6.859004569998600198e-01
6.858526671365758887e-01
6.858108153603039714e-01
6.857748349838304058e-01
6.857446588424355172e-01
6.857202192960666354e-01
6.857014482315584303e-01
6.856882770645427172e-01
6.856806367412301428e-01
6.856784577400333314e-01
6.856816700730196112e-01
6.856902032872088659e-01
6.857039864657005213e-01
6.857229482286421041e-01
6.857470167340300460e-01
6.857761196783486168e-01
6.858101843976259770e-01
6.858491374645974137e-01
6.858929052947675409e-01
6.859414137416228741e-01
6.859945881978234405e-01
6.860523535948371832e-01
6.861146344023991706e-01
6.861813546277952813e-01
6.862524378149763571e-01
6.863278070434909450e-01
6.864073849272451788e-01
6.864910936130731445e-01
6.865788547791378260e-01
6.866705896331358749e-01
6.867662189103224124e-01
6.868656628713437629e-01
6.869688413985016728e-01
6.870756735979591801e-01
6.871860783909963244e-01
6.872999741142896690e-01
6.874172786161516502e-01
6.875379092531611613e-01
6.876617828865928539e-01
6.877888158786500394e-01
6.879189240884604484e-01
6.880520228678574934e-01
6.881880270569382674e-01
6.883268509793960543e-01
6.884684084376134772e-01
6.886126127075278269e-01
6.887593765332495899e-01
6.889086121214373915e-01
6.890602311354246945e-01
6.892141446890858170e-01
6.893702634361007497e-01
6.895284971799831020e-01
6.896887554431959666e-01
6.898509470752038908e-01
6.900149803413540006e-01
6.901807629151047729e-01
6.903482018699585998e-01
6.905172036710954808e-01
6.906876741666990727e-01
6.908595185789696558e-01
6.910326414948162466e-01
6.912069468562226371e-01
6.913823379502771482e-01
6.915587173988611003e-01
6.917359871479848987e-01
6.919140484567714022e-01
6.920928018860648123e-01
6.922721472866730785e-01
6.924519837872191719e-01
6.926322098740353983e-01
6.928127230078326981e-01
6.929934201669439853e-01
6.931741974618083058e-01
6.933549502138708354e-01
6.935355729409328207e-01
6.937159593420513248e-01
6.938960022819686824e-01
6.940755937750694438e-01
6.942546249688450466e-01
6.944329861268599968e-01
6.946105666111983545e-01
6.947872548643876378e-01
6.949629383907761637e-01
6.951375037373546117e-01
6.953108364740063774e-01
6.954828211731682863e-01
6.956533413888899009e-01
6.958222796352684369e-01
6.959895173642466348e-01
6.961549350316141860e-01
6.963184117173871757e-01
6.964798256366665496e-01
6.966390537573126096e-01
6.967959718637614097e-01
6.969504545305714727e-01
6.971023750951848008e-01
6.972516056298754261e-01
6.973980169128599638e-01
6.975414783985429690e-01
6.976818581868663438e-01
6.978190229917325960e-01
6.979528381084736388e-01
6.980831673803210569e-01
6.982098731638558542e-01
6.983328162933869487e-01
6.984518560442269930e-01
6.985668500948205573e-01
6.986776544876766026e-01
6.987841235890656089e-01
6.988861100474212940e-01
6.989834648352155622e-01
6.990760368647582768e-01
6.991636734531170294e-01
6.992462199336955120e-01
6.993235196927480857e-01
6.993954141188047924e-01
6.994617425503504293e-01
6.995223422216825249e-01
6.995770482068590645e-01
6.996256933616405993e-01
6.996681082633273707e-01
6.997041211483865375e-01
6.997335578477549278e-01
6.997562417196887541e-01
6.997719935800388313e-01
6.997806316298059714e-01
6.997819713798232311e-01
6.997758255724085830e-01
6.997620040998127067e-01
6.997403139192734933e-01
6.997105589644808665e-01
6.996725400532342043e-01
6.996260547910608807e-01
6.995708975500900539e-01
6.995068590450732593e-01
6.994337267023434945e-01
6.993512842246416561e-01
6.992593115505403301e-01
6.991575847278718170e-01
6.990458757809158152e-01
6.989239525709121104e-01
6.987915786494547365e-01
6.986485131042595720e-01
6.984945103967837854e-01
6.983293201911071613e-01
6.981526871734548001e-01
6.979643508616792946e-01
6.977640454039617524e-01
6.975514993659372998e-01
6.973264355053684360e-01
6.970885705334263216e-01
6.968376148615491594e-01
6.965732723327583420e-01
6.962952399362136724e-01
6.960032075036807209e-01
6.956968573864577010e-01
6.953758641111773553e-01
6.950398940127566760e-01
6.946886049157059428e-01
6.943272432367944003e-01
6.939617446648818078e-01
6.935797919538182477e-01
6.931809949178123764e-01
6.927649520737029221e-01
6.923312500346601173e-01
6.918794628586363293e-01
6.914091513474468487e-01
6.909198622919574539e-01
6.904111276583686507e-01
6.898824637100462454e-01
6.893333700587597201e-01
6.887633286384985398e-01
6.881718025942943351e-01
6.875582350776056062e-01
6.869220479388620237e-01
6.862626403066676151e-01
6.855793870419277791e-01
6.848716370537440978e-01
6.841387114623302956e-01
6.833799015923714970e-01
6.825944667781569386e-01
6.817816319594317553e-01
6.809405850441706542e-01
6.800704740113183711e-01
6.791704037229132629e-01
6.782394324108026451e-01
6.772765677983025867e-01
6.762807628114902991e-01
6.752509108282489514e-01
6.741858404711140729e-01
6.730843094811381766e-01
6.719449985803352954e-01
6.707665039138975827e-01
6.695473289549299656e-01
6.682858753517681993e-01
6.669804326393541372e-01
6.656291666451679134e-01
6.642301063904167968e-01
6.627811292512504338e-01
6.612799441013483825e-01
6.597240721044711487e-01
6.581108247611908713e-01
6.564372787350729599e-01
6.547002468863138969e-01
6.528962448202764168e-01
6.510214521081916228e-01
6.490716671490111001e-01
6.470422544039291513e-01
6.449280824335568152e-01
6.427234507821081300e-01
6.404220032561550591e-01
6.380166245002563130e-01
6.354993159264842317e-01
6.328610459378037900e-01
6.300915678934895237e-01
6.271791972528492076e-01
6.241105365878613087e-01
6.208701333623921625e-01
6.174400500651113788e-01
6.138776468393032371e-01
6.103725760798967004e-01
6.066604401559736459e-01
6.027185771832963557e-01
5.985204228415623717e-01
5.940346022570077711e-01
5.892237503613722005e-01
5.840750425752553321e-01
5.785413351751343969e-01
5.725249568284076496e-01
5.659439200901369427e-01
5.586945887839255276e-01
5.506435865295598031e-01
5.416155080519456932e-01
5.313734221711040595e-01
5.195861576849030161e-01
5.057692490209564351e-01
4.891000303347483591e-01
4.682187796542508496e-01
4.405777891992236905e-01
3.986616783081750603e-01
nan
