1.562049935181330795e+01,1.886796226411320632e+01,2.236067977499789805e+01
1.571287370279542372e+01,1.900383119268322574e+01,2.253974267821174493e+01
1.580561925392358624e+01,1.914007314510579505e+01,2.271915491386068098e+01
1.589872950898907256e+01,1.927668021211121285e+01,2.289890827091981507e+01
1.599219809782257329e+01,1.941364468614793282e+01,2.307899477880264882e+01
1.608601877407831182e+01,1.955095905575989690e+01,2.325940669922600890e+01
1.618018541302910762e+01,1.968861600011539537e+01,2.344013651837377310e+01
1.627469200937455440e+01,1.982660838368478906e+01,2.362117693934829887e+01
1.636953267506436305e+01,1.996492925106422334e+01,2.380252087489893853e+01
1.646470163713876289e+01,2.010357182194248438e+01,2.398416144041729581e+01
1.656019323558755829e+01,2.024252948620798875e+01,2.416609194718913756e+01
1.665600192122947121e+01,2.038179579919296103e+01,2.434830589589344996e+01
1.675212225361311624e+01,2.052136447705171207e+01,2.453079697033913220e+01
1.684854889894081609e+01,2.066122939226995214e+01,2.471355903143048849e+01
1.694527662801642975e+01,2.080138456930210467e+01,2.489658611135268984e+01
1.704230031421814218e+01,2.094182418033346949e+01,2.507987240796889594e+01
1.713961493149714244e+01,2.108254254116423354e+01,2.526341227942099366e+01
1.723721555240287984e+01,2.122353410721220257e+01,2.544720023892607941e+01
1.733509734613566522e+01,2.136479346963128734e+01,2.563123094976125671e+01
1.743325557662709713e+01,2.150631535154266061e+01,2.581549922042956169e+01
1.753168560064889547e+01,2.164809460437568234e+01,2.599999999999998579e+01
1.763038286595046600e+01,2.179012620431555902e+01,2.618472837361501604e+01
1.772934290942559699e+01,2.193240524885493770e+01,2.636967955815920206e+01
1.782856135530850139e+01,2.207492695344651779e+01,2.655484889808261073e+01
1.792803391339941754e+01,2.221768664825389905e+01,2.674023186137321417e+01
1.802775637731993541e+01,2.236067977499788384e+01,2.692582403567250182e+01
1.812772462279807684e+01,2.250390188389558688e+01,2.711162112452885253e+01
1.822793460598319371e+01,2.264734863068963122e+01,2.729761894378334119e+01
1.832838236179067692e+01,2.279101577376487953e+01,2.748381341808299538e+01
1.842906400227639097e+01,2.293489917135018530e+01,2.767020057751658157e+01
1.852997571504073804e+01,2.307899477880263461e+01,2.785677655436821709e+01
1.863111376166222755e+01,2.322329864597188021e+01,2.804353757998442731e+01
1.873247447616036609e+01,2.336780691464218762e+01,2.823047998175020012e+01
1.883405426348770817e+01,2.351251581604995522e+01,2.841760018017001244e+01
1.893584959805076906e+01,2.365742166847434191e+01,2.860489468604977503e+01
1.903785702225960819e+01,2.380252087489892787e+01,2.879236009777591221e+01
1.914007314510578084e+01,2.394780992074221260e+01,2.897999309868790263e+01
1.924249464076837057e+01,2.409328537165488271e+01,2.916779045454075003e+01
1.934511824724779316e+01,2.423894387138183504e+01,2.935574901105400869e+01
1.944794076502701330e+01,2.438478213968702235e+01,2.954386569154413067e+01
1.955095905575988624e+01,2.453079697033912154e+01,2.973213749463698363e+01
1.965417004098619458e+01,2.467698522915631543e+01,2.992056149205756910e+01
1.975757070087310652e+01,2.482334385210821992e+01,3.010913482649407413e+01
1.986115807298253699e+01,2.496986984347333305e+01,3.029785470953344984e+01
1.996492925106420913e+01,2.511656027405024716e+01,3.048671841966593377e+01
2.006888138387387244e+01,2.526341227942097944e+01,3.067572330035590511e+01
2.017301167401633322e+01,2.541042305826486469e+01,3.086486675817664960e+01
2.027731737681292046e+01,2.555758987072135469e+01,3.105414626100672848e+01
2.038179579919294682e+01,2.570491003680033870e+01,3.124355933628558191e+01
2.048644429860875604e+01,2.585238093483845390e+01,3.143310356932636651e+01
2.059126028197398384e+01,2.599999999999997513e+01,3.162277660168376059e+01
2.069624120462455252e+01,2.614776472282092712e+01,3.181257612957488590e+01
2.080138456930209045e+01,2.629567264779508662e+01,3.200249990235134590e+01
2.090668792515923968e+01,2.644372137200054951e+01,3.219254572102053658e+01
2.101214886678654636e+01,2.659190854376568680e+01,3.238271143681451747e+01
2.111776503326048271e+01,2.674023186137319996e+01,3.257299494980462384e+01
2.122353410721218836e+01,2.688868907180114931e+01,3.276339420756032439e+01
2.132945381391654394e+01,2.703727796949978668e+01,3.295390720385061201e+01
2.143552192040117177e+01,2.718599639520314426e+01,3.314453197738652079e+01
2.154173623457494102e+01,2.733484223477425701e+01,3.333526661060321317e+01
2.164809460437567168e+01,2.748381341808298473e+01,3.352610922848037944e+01
2.175459491693649028e+01,2.763290791791552437e+01,3.371705799739943643e+01
2.186123509777064200e+01,2.778212374891448277e+01,3.390811112403633842e+01
2.196801310997421197e+01,2.793145896654877447e+01,3.409926685428877136e+01
2.207492695344650357e+01,2.808091166611223599e+01,3.429052347223642272e+01
2.218197466412760122e+01,2.823047998175018947e+01,3.448187929913329697e+01
2.228915431325286534e+01,2.838016208551314890e+01,3.467333269243088978e+01
2.239646400662387293e+01,2.852995618643670284e+01,3.486488204483124775e+01
2.250390188389557622e+01,2.867986052964689847e+01,3.505652578336873404e+01
2.261146611787919625e+01,2.882987339549027794e+01,3.524826236851962591e+01
2.271915491386065611e+01,2.897999309868789197e+01,3.544009029333865612e+01
2.282696650893409185e+01,2.913021798751251623e+01,3.563200808262138963e+01
2.293489917135017109e+01,2.928054644298835285e+01,3.582401429209178190e+01
2.304295119987886409e+01,2.943097687811259178e+01,3.601610750761382462e+01
2.315112092318639014e+01,2.958150773709815340e+01,3.620828634442668914e+01
2.325940669922598403e+01,2.973213749463696942e+01,3.640054944640253609e+01
2.336780691464217341e+01,2.988286465518320512e+01,3.659289548532605352e+01
2.347631998418829369e+01,3.003368775225576215e+01,3.678532316019524018e+01
2.358494435015691693e+01,3.018460534775960369e+01,3.697783119654256012e+01
2.369367848182291780e+01,3.033561603132524809e+01,3.717041834577592851e+01
2.380252087489891366e+01,3.048671841966591955e+01,3.736308338453875422e+01
2.391147005100269141e+01,3.063791115595183001e+01,3.755582511408844226e+01
2.402052455713651469e+01,3.078919290920106633e+01,3.774864235969283044e+01
2.412968296517793476e+01,3.094056237368669926e+01,3.794153397004389916e+01
2.423894387138182083e+01,3.109201826835944260e+01,3.813449881668822883e+01
2.434830589589342154e+01,3.124355933628557125e+01,3.832753579347354389e+01
2.445776768227219833e+01,3.139518434409960790e+01,3.852064381601111620e+01
2.456732789702612507e+01,3.154689208147130586e+01,3.871382182115316795e+01
2.467698522915630122e+01,3.169868136058654784e+01,3.890706876648503254e+01
2.478673838971150900e+01,3.185055101564174151e+01,3.910038362983150506e+01
2.489658611135266142e+01,3.200249990235133168e+01,3.929376540877694168e+01
2.500652714792676079e+01,3.215452689746805248e+01,3.948721312019873153e+01
2.511656027405022940e+01,3.230663089831555368e+01,3.968072579981362935e+01
2.522668428470135282e+01,3.245881082233292858e+01,3.987430250173657242e+01
2.533689799482166549e+01,3.261106560663108667e+01,4.006794229805162644e+01
2.544720023892604743e+01,3.276339420756031018e+01,4.026164427839472637e+01
2.555758987072134047e+01,3.291579560028888096e+01,4.045540754954762264e+01
2.566806576273323870e+01,3.306826877839232992e+01,4.064923123504298985e+01
2.577862680594135369e+01,3.322081275345316698e+01,4.084311447478012980e+01
2.588927190942220946e+01,3.337342655467065811e+01,4.103705642465104830e+01
2.599999999999996092e+01,3.352610922848036523e+01,4.123105625617653658e+01
2.611081002190468325e+01,3.367885983818330686e+01,4.142511315615196565e+01
2.622170093643808286e+01,3.383167746358427763e+01,4.161922632630253815e+01
2.633267172164643100e+01,3.398456120063926988e+01,4.181339498294767765e+01
2.644372137200053174e+01,3.413751016111157810e+01,4.200761835667423583e+01
2.655484889808258231e+01,3.429052347223641561e+01,4.220189569201831858e+01
2.666605332627979408e+01,3.444360027639381627e+01,4.239622624715546095e+01
2.677733369848457556e+01,3.459673973078960785e+01,4.259060929359890224e+01
2.688868907180113510e+01,3.474994100714410905e+01,4.278504411590566292e+01
2.700011851825835762e+01,3.490320329138854305e+01,4.297953001139023144e+01
2.711162112452882766e+01,3.505652578336871983e+01,4.317406628984573302e+01
2.722319599165383508e+01,3.520990769655603003e+01,4.336865227327214711e+01
2.733484223477423924e+01,3.536334825776535240e+01,4.356328729561158042e+01
2.744655898286700690e+01,3.551684670687976109e+01,4.375797070249023335e+01
2.755834537848739174e+01,3.567040229658190498e+01,4.395270185096694604e+01
2.767020057751654960e+01,3.582401429209177479e+01,4.414748010928814637e+01
2.778212374891446856e+01,3.597768197091074427e+01,4.434230485664895127e+01
2.789411407447810731e+01,3.613140462257170071e+01,4.453717548296022244e+01
2.800617074860462452e+01,3.628518154839513699e+01,4.473209138862157630e+01
2.811829297805962469e+01,3.643901206125099179e+01,4.492705198429997182e+01
2.823047998175017526e+01,3.659289548532604641e+01,4.512205669071382630e+01
2.834273099050261635e+01,3.674683115589690630e+01,4.531710493842246024e+01
2.845504524684501746e+01,3.690081841910820515e+01,4.551219616762074338e+01
2.856742200479414961e+01,3.705485663175604572e+01,4.570732982793888510e+01
2.867986052964688071e+01,3.720894516107645700e+01,4.590250537824696409e+01
2.879236009777588734e+01,3.736308338453874711e+01,4.609772228646435366e+01
2.890491999642962284e+01,3.751727068964365941e+01,4.629298002937369461e+01
2.901753952353639576e+01,3.767150647372619687e+01,4.648827809243951492e+01
2.913021798751250557e+01,3.782579014376295135e+01,4.668361596963105598e+01
2.924295470707426858e+01,3.798012111618385944e+01,4.687899316324948984e+01
2.935574901105398382e+01,3.813449881668820751e+01,4.707440918375918670e+01
2.946860023821960795e+01,3.828892268006497801e+01,4.726986354962314607e+01
2.958150773709813564e+01,3.844339215001707544e+01,4.746535578714217962e+01
2.969447086580255757e+01,3.859790667898966632e+01,4.766088543029798785e+01
2.980748899186237466e+01,3.875246572800232059e+01,4.785645202060001679e+01
2.992056149205754068e+01,3.890706876648501833e+01,4.805205510693575377e+01
3.003368775225574439e+01,3.906171527211771632e+01,4.824769424542473217e+01
3.014686716725299931e+01,3.921640473067353838e+01,4.844336899927575502e+01
3.026009914061744510e+01,3.937113663586554679e+01,4.863907893864757881e+01
3.037338308453631086e+01,3.952591048919675387e+01,4.883482364051282332e+01
3.048671841966590890e+01,3.968072579981361514e+01,4.903060268852495085e+01
3.060010457498465186e+01,3.983558208436264891e+01,4.922641567288837905e+01
3.071354098764902218e+01,3.999047886685021780e+01,4.942226219023154243e+01
3.082702710285239789e+01,4.014541567850547921e+01,4.961814184348290979e+01
3.094056237368668860e+01,4.030039205764621357e+01,4.981405424174978691e+01
3.105414626100670006e+01,4.045540754954761553e+01,5.000999900019985489e+01
3.116777823329722352e+01,4.061046170631397700e+01,5.020597573994543694e+01
3.128145776654272225e+01,4.076555408675311298e+01,5.040198408793040130e+01
3.139518434409959013e+01,4.092068425625350869e+01,5.059802367681952973e+01
3.150895745657092206e+01,4.107585178666406733e+01,5.079409414489040842e+01
3.162277660168373217e+01,4.123105625617652237e+01,5.099019513592774899e+01
3.173664128416861985e+01,4.138629724921030828e+01,5.118632629912005427e+01
3.185055101564172375e+01,4.154157435629989692e+01,5.138248728895857198e+01
3.196450531448900989e+01,4.169688717398450706e+01,5.157867776513846536e+01
3.207850370575280152e+01,4.185223530470019426e+01,5.177489739246220068e+01
3.219254572102050105e+01,4.200761835667422162e+01,5.197114584074501664e+01
3.230663089831553236e+01,4.216303594382161180e+01,5.216742278472253957e+01
3.242075878199021588e+01,4.231848768564388763e+01,5.236372790396028876e+01
3.253492892262092084e+01,4.247397320712995139e+01,5.256006088276523514e+01
3.264914087690510058e+01,4.262949213865903886e+01,5.275642141009934249e+01
3.276339420756029597e+01,4.278504411590564871e+01,5.295280917949479260e+01
3.287768848322514970e+01,4.294062877974648984e+01,5.314922388897121408e+01
3.299202327836223958e+01,4.309624577616932584e+01,5.334566524095456685e+01
3.310639817316277345e+01,4.325189475618370949e+01,5.354213294219784558e+01
3.322081275345315277e+01,4.340757537573357894e+01,5.373862670370343153e+01
3.333526661060318474e+01,4.356328729561157331e+01,5.393514624064708585e+01
3.344975934143615603e+01,4.371903018137516028e+01,5.413169127230357702e+01
3.356429054814052648e+01,4.387480370326449730e+01,5.432826152197387160e+01
3.367885983818328555e+01,4.403060753612187739e+01,5.452485671691386671e+01
3.379346682422499271e+01,4.418644135931283756e+01,5.472147658826457217e+01
3.390811112403631711e+01,4.434230485664893706e+01,5.491812087098380601e+01
3.402279236041620436e+01,4.449819771631196375e+01,5.511478930377931107e+01
3.413751016111155678e+01,4.465411963077977475e+01,5.531148162904322874e+01
3.425226415873839869e+01,4.481007029675351561e+01,5.550819759278792276e+01
3.436705399070445566e+01,4.496604941508639541e+01,5.570493694458316725e+01
3.448187929913326144e+01,4.512205669071381209e+01,5.590169943749461368e+01
3.459673973078959364e+01,4.527809183258490577e+01,5.609848482802352976e+01
3.471163493700628067e+01,4.543415455359538413e+01,5.629529287604769650e+01
3.482656457361240854e+01,4.559024457052179002e+01,5.649212334476361264e+01
3.494152830086277817e+01,4.574636160395700557e+01,5.668897600062983599e+01
3.505652578336870562e+01,4.590250537824695698e+01,5.688585061331144033e+01
3.517155669003000895e+01,4.605867562142870497e+01,5.708274695562561618e+01
3.528662069396833800e+01,4.621487206516957258e+01,5.727966480348838019e+01
3.540171747246161971e+01,4.637109444470758746e+01,5.747660393586232885e+01
3.551684670687974688e+01,4.652734249879301842e+01,5.767356413470547238e+01
3.563200808262137542e+01,4.668361596963104887e+01,5.787054518492102062e+01
3.574720128905191530e+01,4.683991460282555153e+01,5.806754687430824191e+01
3.586242601944260855e+01,4.699623814732398586e+01,5.826456899351426699e+01
3.597768197091071585e+01,4.715258635536327603e+01,5.846161133598683790e+01
3.609296884436073327e+01,4.730895898241674757e+01,5.865867369792795216e+01
3.620828634442666072e+01,4.746535578714216541e+01,5.885575587824851596e+01
3.632363417941539296e+01,4.762177653133059607e+01,5.905285767852377177e+01
3.643901206125097048e+01,4.777822097985639971e+01,5.924997890294969238e+01
3.655441970541995289e+01,4.793468890062801080e+01,5.944711935830014937e+01
3.666985683091760251e+01,4.809118006453979177e+01,5.964427885388492001e+01
3.678532316019520465e+01,4.824769424542471796e+01,5.984145720150858239e+01
3.690081841910818383e+01,4.840423122000792233e+01,6.003865421543010683e+01
3.701634233686512943e+01,4.856079076786116389e+01,6.023586971232327159e+01
3.713189464597778766e+01,4.871737267135810612e+01,6.043310351123780322e+01
3.724747508221186365e+01,4.887397671563046941e+01,6.063035543356135548e+01
3.736308338453872580e+01,4.903060268852493664e+01,6.082762530298205661e+01
3.747871929508789890e+01,4.918725038056091137e+01,6.102491294545190215e+01
3.759438255910041704e+01,4.934391958488896535e+01,6.122221818915076597e+01
3.771007292488299356e+01,4.950061009725020256e+01,6.141954086445112893e+01
3.782579014376293713e+01,4.965732171593619881e+01,6.161688080388346123e+01
3.794153397004387784e+01,4.981405424174977981e+01,6.181423784210222294e+01
3.805730416096223934e+01,4.997080747796646705e+01,6.201161181585253956e+01
3.817310047664445705e+01,5.012758123029664148e+01,6.220900256393748862e+01
3.828892268006496380e+01,5.028437530684843892e+01,6.240640992718601865e+01
3.840477053700482202e+01,5.044118951809115003e+01,6.260383374842136561e+01
3.852064381601108778e+01,5.059802367681951552e+01,6.280127387243017978e+01
3.863654228835692805e+01,5.075487759811846900e+01,6.299873014593215714e+01
3.875246572800229927e+01,5.091175109932861176e+01,6.319620241755022505e+01
3.886841391155540038e+01,5.106864400001226301e+01,6.339369053778129626e+01
3.898438661823465168e+01,5.122555612192012120e+01,6.359119435896750616e+01
3.910038362983146953e+01,5.138248728895855777e+01,6.378871373526809663e+01
3.921640473067353128e+01,5.153943732715742243e+01,6.398624852263164797e+01
3.933244970758867964e+01,5.169640606463846666e+01,6.418379857876892913e+01
3.944851834986952355e+01,5.185339333158427166e+01,6.438136376312621678e+01
3.956461044923850068e+01,5.201039896020783004e+01,6.457894393685901946e+01
3.968072579981360093e+01,5.216742278472253247e+01,6.477653896280642698e+01
3.979686419807460851e+01,5.232446464131274411e+01,6.497414870546577959e+01
3.991302544282996934e+01,5.248152436810487842e+01,6.517177303096777052e+01
4.002920933518412738e+01,5.263860180513903941e+01,6.536941180705223076e+01
4.014541567850546500e+01,5.279569679434098362e+01,6.556706490304395629e+01
4.026164427839469795e+01,5.295280917949478550e+01,6.576473218982937397e+01
4.037789494265386736e+01,5.310993880621580843e+01,6.596241353983327826e+01
4.049416748125577215e+01,5.326708552192420143e+01,6.616010882699617923e+01
4.061046170631395569e+01,5.342424917581890043e+01,6.635781792675207669e+01
4.072677743205313305e+01,5.358142961885196343e+01,6.655554071600634813e+01
4.084311447478010138e+01,5.373862670370341732e+01,6.675327707311437564e+01
4.095947265285519023e+01,5.389584028475653810e+01,6.695102687786034323e+01
4.107585178666404602e+01,5.405307021807351475e+01,6.714879001143637538e+01
4.119225169859001312e+01,5.421031636137153953e+01,6.734656635642220124e+01
4.130867221298685621e+01,5.436757857399928895e+01,6.754435579676497525e+01
4.142511315615193013e+01,5.452485671691385249e+01,6.774215821775962354e+01
4.154157435629988271e+01,5.468215065265800234e+01,6.793997350602940344e+01
4.165805564353659918e+01,5.483946024533781127e+01,6.813780154950684675e+01
4.177455684983374340e+01,5.499678536060071110e+01,6.833564223741500143e+01
4.189107780900356914e+01,5.515412586561394903e+01,6.853349546024904271e+01
4.200761835667420740e+01,5.531148162904321453e+01,6.873136110975815427e+01
4.212417833026528768e+01,5.546885252103188435e+01,6.892923907892772206e+01
4.224075756896402822e+01,5.562623841318039553e+01,6.912712926196181229e+01
4.235735591370158915e+01,5.578363917852603748e+01,6.932503155426599051e+01
4.247397320712993007e+01,5.594105469152315635e+01,6.952294585243045333e+01
4.259060929359888092e+01,5.609848482802352265e+01,6.972087205421325962e+01
4.270726401913368875e+01,5.625592946525711824e+01,6.991881005852413011e+01
4.282393723141289144e+01,5.641338848181329269e+01,7.011675976540826127e+01
4.294062877974646852e+01,5.657086175762204761e+01,7.031472107603055122e+01
4.305733851505444676e+01,5.672834917393581833e+01,7.051269389266003884e+01
4.317406628984570460e+01,5.688585061331143322e+01,7.071067811865458452e+01
4.329081195819721017e+01,5.704336595959238565e+01,7.090867365844586345e+01
4.340757537573356473e+01,5.720089509789146831e+01,7.110668041752458635e+01
4.352435639960677349e+01,5.735843791457351415e+01,7.130469830242587648e+01
4.364115488847642865e+01,5.751599429723859913e+01,7.150272722071497356e+01
4.375797070249019782e+01,5.767356413470545817e+01,7.170076708097322182e+01
4.387480370326448309e+01,5.783114731699505029e+01,7.189881779278414342e+01
4.399165375386552057e+01,5.798874373531456428e+01,7.209687926671982439e+01
4.410852071879072867e+01,5.814635328204155229e+01,7.229495141432751382e+01
4.422540446395024105e+01,5.830397585070836186e+01,7.249303414811642199e+01
4.434230485664892285e+01,5.846161133598682369e+01,7.269112738154481690e+01
4.445922176556839389e+01,5.861925963367315973e+01,7.288923102900712081e+01
4.457615506074957779e+01,5.877692064067309019e+01,7.308734500582143312e+01
4.469310461357534336e+01,5.893459425498730297e+01,7.328546922821720955e+01
4.481007029675350140e+01,5.909228037569698699e+01,7.348360361332296975e+01
4.492705198429995761e+01,5.924997890294968528e+01,7.368174807915440283e+01
4.504404955152223522e+01,5.940768973794540386e+01,7.387990254460257233e+01
4.516106287500317507e+01,5.956541278292279173e+01,7.407806692942230598e+01
4.527809183258488446e+01,5.972314794114576131e+01,7.427624115422085538e+01
4.539513630335291339e+01,5.988089511689000943e+01,7.447442514044651318e+01
4.551219616762070785e+01,6.003865421543009262e+01,7.467261881037768489e+01
4.562927130691426925e+01,6.019642514302640279e+01,7.487082208711196074e+01
4.574636160395697715e+01,6.035420780691253384e+01,7.506903489455537226e+01
4.586346694265480295e+01,6.051200211528273343e+01,7.526725715741189049e+01
4.598058720808151634e+01,6.066980797727962482e+01,7.546548880117302360e+01
4.609772228646431813e+01,6.082762530298204240e+01,7.566372975210758511e+01
4.621487206516955837e+01,6.098545400339315137e+01,7.586197993725164679e+01
4.633203643268866045e+01,6.114329399042860302e+01,7.606023928439859105e+01
4.644921527862434374e+01,6.130114517690498133e+01,7.625850772208940498e+01
4.656640849367695267e+01,6.145900747652846263e+01,7.645678517960305953e+01
4.668361596963102755e+01,6.161688080388344702e+01,7.665507158694700252e+01
4.680083759934205290e+01,6.177476507442161591e+01,7.685336687484790730e+01
4.691807327672343320e+01,6.193266020445094000e+01,7.705167097474246418e+01
4.703532289673356104e+01,6.209056611112496427e+01,7.724998381876832809e+01
4.715258635536324761e+01,6.224848271243227771e+01,7.744830533975529363e+01
4.726986354962312475e+01,6.240640992718601154e+01,7.764663547121645593e+01
4.738715437753134552e+01,6.256434767501360028e+01,7.784497414733958465e+01
4.750445873810150488e+01,6.272229587634671333e+01,7.804332130297869696e+01
4.762177653133058186e+01,6.288025445241121503e+01,7.824167687364560209e+01
4.773910765818721558e+01,6.303822332521737337e+01,7.844004079550168740e+01
4.785645202059998837e+01,6.319620241755021794e+01,7.863841300534980405e+01
4.797380952144605004e+01,6.335419165295994048e+01,7.883679344062622363e+01
4.809118006453977756e+01,6.351219095575257256e+01,7.903518203939286479e+01
4.820856355462157694e+01,6.367020025098067748e+01,7.923357874032933523e+01
4.832595989734696929e+01,6.382821946443421268e+01,7.943198348272542830e+01
4.844336899927571949e+01,6.398624852263163376e+01,7.963039620647360550e+01
4.856079076786114257e+01,6.414428735281092031e+01,7.982881685206142208e+01
4.867822511143958764e+01,6.430233588292092861e+01,8.002724536056433635e+01
4.879567193922006396e+01,6.446039404161270170e+01,8.022568167363844793e+01
4.891313116127393812e+01,6.461846175823112048e+01,8.042412573351336391e+01
4.903060268852492953e+01,6.477653896280641277e+01,8.062257748298529236e+01
4.914808643273904210e+01,6.493462558604599622e+01,8.082103686541002219e+01
4.926558230651482972e+01,6.509272155932625026e+01,8.101950382469621559e+01
4.938309022327366193e+01,6.525082681468471435e+01,8.121797830529867213e+01
4.950061009725018835e+01,6.540894128481195935e+01,8.141646025221167804e+01
4.961814184348288848e+01,6.556706490304394208e+01,8.161494961096261136e+01
4.973568537780481336e+01,6.572519760335437411e+01,8.181344632760537650e+01
4.985324061683440533e+01,6.588333932034696261e+01,8.201195034871420830e+01
4.997080747796643863e+01,6.604148998924826230e+01,8.221046162137739088e+01
5.008838587936316600e+01,6.619964954590000161e+01,8.240898009319109008e+01
5.020597573994540141e+01,6.635781792675206248e+01,8.260750571225331385e+01
5.032357697938399355e+01,6.651599506885524704e+01,8.280603842715797214e+01
5.044118951809112872e+01,6.667418090985428591e+01,8.300457818698896517e+01
5.055881327721198204e+01,6.683237538798076116e+01,8.320312494131434278e+01
5.067644817861634010e+01,6.699057844204644141e+01,8.340167864018064847e+01
5.079409414489037289e+01,6.714879001143636117e+01,8.360023923410723512e+01
5.091175109932859755e+01,6.730701003610229805e+01,8.379880667408076533e+01
5.102941896592578530e+01,6.746523845655610785e+01,8.399738091154964081e+01
5.114709766936913837e+01,6.762347521386323024e+01,8.419596189841863065e+01
5.126478713503047402e+01,6.778172024963645015e+01,8.439454958704359910e+01
5.138248728895854356e+01,6.793997350602938923e+01,8.459314393022617651e+01
5.150019805787144378e+01,6.809823492573046622e+01,8.479174488120858655e+01
5.161791936914918466e+01,6.825650445195662996e+01,8.499035239366855876e+01
5.173565115082621446e+01,6.841478202844744771e+01,8.518896642171426947e+01
5.185339333158425035e+01,6.857306759945900865e+01,8.538758691987941063e+01
5.197114584074500243e+01,6.873136110975814006e+01,8.558621384311821600e+01
5.208890860826309677e+01,6.888966250461658092e+01,8.578484714680068635e+01
5.220668156471914045e+01,6.904797172980516962e+01,8.598348678670782874e+01
5.232446464131272279e+01,6.920628873158837280e+01,8.618213271902685335e+01
5.244225776985565801e+01,6.936461345671851575e+01,8.638078490034668278e+01
5.256006088276520671e+01,6.952294585243045333e+01,8.657944328765321984e+01
5.267787391305751044e+01,6.968128586643599931e+01,8.677810783832497066e+01
5.279569679434096940e+01,6.983963344691876785e+01,8.697677851012855399e+01
5.291352946080978370e+01,6.999798854252865965e+01,8.717545526121421062e+01
5.303137184723760100e+01,7.015635110237685979e+01,8.737413805011159695e+01
5.314922388897117855e+01,7.031472107603053701e+01,8.757282683572546489e+01
5.326708552192418011e+01,7.047309841350792681e+01,8.777152157733144122e+01
5.338495668257102267e+01,7.063148306527320130e+01,8.797022223457184964e+01
5.350283730794082970e+01,7.078987498223156649e+01,8.816892876745163221e+01
5.362072733561140581e+01,7.094827411572443054e+01,8.836764113633427087e+01
5.373862670370340311e+01,7.110668041752457214e+01,8.856635930193787942e+01
5.385653535087440247e+01,7.126509383983139401e+01,8.876508322533111084e+01
5.397445321631321491e+01,7.142351433526616233e+01,8.896381286792937715e+01
5.409238023973416887e+01,7.158194185686758715e+01,8.916254819149101252e+01
5.421031636137151821e+01,7.174037635808703328e+01,8.936128915811340789e+01
5.432826152197385028e+01,7.189881779278412921e+01,8.956003573022934461e+01
5.444621566279867864e+01,7.205726611522236169e+01,8.975878787060327113e+01
5.456417872560700744e+01,7.221572128006457092e+01,8.995754554232766509e+01
5.468215065265798103e+01,7.237418324236877254e+01,9.015630870881945214e+01
5.480013138670366146e+01,7.253265195758370965e+01,9.035507733381648166e+01
5.491812087098377049e+01,7.269112738154480269e+01,9.055385138137390300e+01
5.503611904922060916e+01,7.284960947046985780e+01,9.075263081586093961e+01
5.515412586561392772e+01,7.300809818095504511e+01,9.095141560195726527e+01
5.527214126483597312e+01,7.316659346997079183e+01,9.115020570464970717e+01
5.539016519202650102e+01,7.332509529485776056e+01,9.134900108922897743e+01
5.550819759278788723e+01,7.348360361332295554e+01,9.154780172128630511e+01
5.562623841318036710e+01,7.364211838343578620e+01,9.174660756671035244e+01
5.574428759971718250e+01,7.380063956362418764e+01,9.194541859168380427e+01
5.586234509935993486e+01,7.395916711267081212e+01,9.214423476268036950e+01
5.598041085951390983e+01,7.411770098970940523e+01,9.234305604646162635e+01
5.609848482802350134e+01,7.427624115422084117e+01,9.254188241007393856e+01
5.621656695316766417e+01,7.443478756602971202e+01,9.274071382084544268e+01
5.633465718365545882e+01,7.459334018530053356e+01,9.293955024638300699e+01
5.645275546862156801e+01,7.475189897253427773e+01,9.313839165456933245e+01
5.657086175762202629e+01,7.491046388856479155e+01,9.333723801356001104e+01
5.668897600062981468e+01,7.506903489455534384e+01,9.353608929178059839e+01
5.680709814803060453e+01,7.522761195199518625e+01,9.373494545792379995e+01
5.692522815061861508e+01,7.538619502269608574e+01,9.393380648094672836e+01
5.704336595959237854e+01,7.554478406878908459e+01,9.413267233006800438e+01
5.716151152655064749e+01,7.570337905272107548e+01,9.433154297476508532e+01
5.727966480348835177e+01,7.586197993725164679e+01,9.453041838477153647e+01
5.739782574279257688e+01,7.602058668544967190e+01,9.472929853007437373e+01
5.751599429723858492e+01,7.617919926069038183e+01,9.492818338091143460e+01
5.763417041998594215e+01,7.633781762665192616e+01,9.512707290776874913e+01
5.775235406457455412e+01,7.649644174731245982e+01,9.532596708137792518e+01
5.787054518492098509e+01,7.665507158694698830e+01,9.552486587271373253e+01
5.798874373531454296e+01,7.681370711012434072e+01,9.572376925299144546e+01
5.810694967041361991e+01,7.697234828170418552e+01,9.592267719366442691e+01
5.822516294524199765e+01,7.713099506683397522e+01,9.612158966642171265e+01
5.834338351518517385e+01,7.728964743094618939e+01,9.632050664318553856e+01
5.846161133598680948e+01,7.744830533975527942e+01,9.651942809610896745e+01
5.857984636374511211e+01,7.760696875925491156e+01,9.671835399757353002e+01
5.869808855490935429e+01,7.776563765571503950e+01,9.691728432018690853e+01
5.881633786627640603e+01,7.792431199567928957e+01,9.711621903678060619e+01
5.893459425498728876e+01,7.808299174596197645e+01,9.731515812040767344e+01
5.905285767852374335e+01,7.824167687364560209e+01,9.751410154434049105e+01
5.917112809470494739e+01,7.840036734607795665e+01,9.771304928206849638e+01
5.928940546168413306e+01,7.855906313086967430e+01,9.791200130729606599e+01
5.940768973794537544e+01,7.871776419589141938e+01,9.811095759394027027e+01
5.952598088230030271e+01,7.887647050927142800e+01,9.830991811612878450e+01
5.964427885388488448e+01,7.903518203939283637e+01,9.850888284819772878e+01
5.976258361215636228e+01,7.919389875489123654e+01,9.870785176468965005e+01
5.988089511688999522e+01,7.935262062465213262e+01,9.890682484035136213e+01
5.999921332817606157e+01,7.951134761780839710e+01,9.910580205013198452e+01
6.011753820641676782e+01,7.967007970373801129e+01,9.930478336918089610e+01
6.023586971232323606e+01,7.982881685206142208e+01,9.950376877284570298e+01
6.035420780691251252e+01,7.998755903263935352e+01,9.970275823667039106e+01
6.047255245150464020e+01,8.014630621557031986e+01,9.990175173639320860e+01
6.059090360771968875e+01,8.030505837118832346e+01,1.001007492479449041e+02
6.070926123747495495e+01,8.046381547006060941e+01,1.002997507474467369e+02
6.082762530298202819e+01,8.062257748298526394e+01,1.004987562112086152e+02
